`	409
'	375
g@@e@@u	273
y@@e@@s@@u@@k@@k@@e@@s@@eo	250
i	139
g@@a@@l@@o@@d@@o@@e	135
n@@a@@e@@g@@a	113
il@@eu@@s@@i@@d@@o@@e	112
g@@eo@@s@@-eu@@l	105
g@@a@@l@@a@@s@@a@@d@@a@@e	104
t@@t@@a@@e@@e	100
t@@t@@o	91
j@@eo@@h@@u@@i@@g@@a	83
ha@@n	75
n@@eo@@h@@u@@i@@e@@g@@e	74
m@@o@@d@@eu@@n	73
s@@a@@l@@a@@m@@-@@i	68
ha@@m@@k@@k@@e	67
g@@o@@d	66
n@@eo@@h@@u@@i@@g@@a	63
g@@eo@@s@@-@@i	58
n@@eo@@h@@u@@i	56
n@@e	56
ha@@n@@a@@n@@i@@m@@-@@u@@i	56
n@@a@@e	54
y@@e@@s@@u@@l@@eu@@l	53
i@@e	53
ha@@s@@i@@n@@i	53
w@@a@@s@@eo	52
n@@a@@l@@eu@@l	50
j@@a@@n@@eu@@n	48
i@@s@@s@@n@@eu@@n	48
i@@n@@eu@@n	46
d@@a	44
il@@-eu@@l	43
ha@@n@@eu@@n	42
ha@@s@@i@@n@@il@@a	41
j@@eo@@h@@u@@i@@e@@g@@e	40
m@@a@@l@@l@@a	39
j@@a@@g@@a	39
ha@@g@@o	38
s@@a@@l@@a@@m@@d@@eu@@l@@-@@i	37
y@@e@@s@@u@@k@@k@@e	34
s@@u	34
ha@@s@@i@@g@@o	34
b@@o@@g@@o	34
m@@a@@l@@s@@s@@eu@@m@@-eu@@l	33
k@@eu@@n	33
d@@a@@e@@d@@a@@b@@ha@@y@@eo	33
j@@e@@j@@a@@d@@eu@@l@@-@@i	32
d@@u	32
n@@eo@@h@@u@@i@@n@@eu@@n	31
m@@a@@n@@-@@i@@l	31
j@@u@@n@@g@@-@@e	30
ha@@n@@i	30
g@@a@@s@@eo	30
eo@@j@@j@@i@@ha@@y@@eo	30
d@@eu@@d@@g@@o	29
w@@i@@ha@@y@@eo	28
j@@eo@@l@@eu@@l	28
y@@eo@@l	27
u@@l@@i@@g@@a	27
n@@e@@g@@a	27
m@@u@@l@@i@@g@@a	27
j@@i@@b@@-@@e	27
g@@eu@@u@@i	27
ha@@y@@eo	26
d@@a@@s@@i	26
y@@e@@s@@u@@u@@i	25
m@@a@@n@@h@@-eu@@n	25
m@@a@@l@@ha@@d@@o@@e	25
m@@a@@l@@-eu@@l	25
j@@e@@j@@a@@d@@eu@@l@@-@@e@@g@@e	25
il@@-@@eo@@n@@a	25
g@@eu@@l@@eo@@n@@a	25
eo@@t@@t@@eo@@h@@g@@e	25
s@@o@@n@@-eu@@l	24
s@@i@@m@@h@@i	24
s@@eo@@l@@o	24
n@@eo@@h@@u@@il@@eu@@l	24
il@@eu@@n@@o@@n@@i	24
d@@a@@l@@eu@@n	24
o@@n	23
n@@a@@n@@eu@@n	23
j@@eo@@h@@u@@il@@eu@@l	23
j@@eo@@g@@a	23
il@@eo@@n	23
ha@@l	23
g@@eo@@s@@-@@i@@y@@o	23
b@@o@@s@@i@@g@@o	23
s@@a@@l@@a@@m@@-eu@@l	22
j@@a@@g@@i	22
ha@@l@@a	22
g@@a@@t@@-@@i	22
a@@l@@j@@i	22
n@@eo@@l@@eu@@l	21
il@@eu@@l	21
ha@@d@@eo@@l@@a	21
y@@eo@@j@@j@@a@@o@@d@@o@@e	20
w@@i@@e	20
n@@e@@g@@e	20
m@@u@@eo@@s@@-eu@@l	20
g@@eu@@l@@eu@@l	20
d@@eo	20
a@@p@@-@@e	20
n@@a@@e@@g@@e	19
j@@u@@y@@eo	19
j@@a	19
il@@eu@@d@@o@@e	19
il@@-@@i	19
b@@o@@l@@a	19
j@@u@@l@@-eu@@l	18
i@@n@@ha@@y@@eo	18
g@@eu@@l@@i@@ha@@m@@y@@eo@@n	18
s@@a@@l@@a@@m@@-@@e@@g@@e	17
j@@u@@n@@g	17
j@@u@@g@@-eu@@n	17
j@@u@@-@@i@@n@@-@@i	17
j@@eo@@h@@u@@i	17
h@@u@@e	17
g@@w@@i@@s@@i@@n@@-eu@@l	17
b@@e@@d@@eu@@l@@o@@g@@a	17
a@@n@@s@@i@@g@@-@@il@@-@@e	17
j@@u@@u@@i	16
g@@eo@@s@@-eu@@n	16
g@@a@@l@@l@@il@@l@@i	16
g@@a@@k@@k@@a@@i	16
g@@a@@j@@i@@g@@o	16
n@@u@@g@@a	15
n@@a@@u@@i	15
n@@a@@e@@eo	15
m@@u@@l@@-@@eo	15
m@@a@@l@@ha@@n@@o@@n@@i	15
j@@o@@h@@-eu@@n	15
j@@i@@n@@s@@il@@l@@o	15
ha@@n@@a@@n@@i@@m	15
ha@@n@@a@@n@@eu@@n	15
g@@eu@@l@@eo@@m@@y@@eo@@n	15
g@@eu@@l@@eo@@m@@eu@@l@@o	15
g@@eo@@s@@-@@i@@n@@il@@a	15
eo@@t@@t@@eo@@n	15
d@@o@@e@@n	15
d@@a@@e@@j@@e@@s@@a@@j@@a@@n@@g@@d@@eu@@l@@g@@w@@a	15
y@@eo@@j@@a@@g@@a	14
t@@t@@a@@n@@g@@-@@e	14
s@@eu@@s@@eu@@l@@o	14
s@@eo@@s@@eo	14
s@@eo@@g@@i@@g@@w@@a@@n@@d@@eu@@l@@-@@i	14
o@@s@@-eu@@l	14
n@@a@@l@@a@@g@@a	14
n@@a@@a@@w@@a	14
m@@u@@s@@eu@@n	14
m@@eo@@n@@j@@eo	14
m@@a@@l@@s@@s@@eu@@m@@ha@@s@@i@@d@@o@@e	14
j@@u@@k@@k@@e@@s@@eo	14
j@@a@@d@@eu@@l@@-@@i	14
g@@w@@i@@s@@i@@n@@-@@i	14
d@@eo@@l@@eo@@n@@eu@@n	14
a@@p@@-@@e@@s@@eo	14
n@@u@@g@@u@@d@@eu@@n@@j@@i	13
n@@a@@l@@a@@l@@eu@@l	13
m@@eo@@g@@g@@o	13
m@@a@@n@@h@@-@@i	13
j@@a@@g@@i@@u@@i	13
ha@@s@@i@@d@@eo@@l@@a	13
ha@@n@@a@@n@@i@@m@@k@@k@@e	13
ha@@m@@y@@eo@@n	13
g@@eo@@s@@g@@w@@a	13
eo@@l@@i@@n	13
d@@eo@@l@@eo@@u@@n	13
b@@i@@y@@u@@l@@o	13
b@@a@@e@@e	13
b@@a	13
y@@eo@@g@@i	12
s@@a@@e	12
n@@a@@w@@a	12
m@@i@@d@@-eu@@m@@-@@i	12
j@@u@@l	12
j@@o@@n@@g@@-eu@@l	12
j@@eo@@n@@-@@e	12
j@@a@@u@@i	12
il@@eu@@l@@eo	12
ha@@y@@eo@@s@@s@@n@@eu@@n@@il@@a	12
g@@eu@@g@@a	12
eo@@n@@e@@u	12
eo@@b@@s@@n@@eu@@n@@il@@a	12
b@@o@@g@@-@@i	12
b@@a@@d@@-eu@@l	12
y@@o@@ha@@n@@-@@i	11
y@@a@@g@@o@@b@@o@@w@@a	11
s@@eo@@n@@s@@a@@e@@n@@g@@n@@i@@m@@-@@i@@y@@eo	11
s@@a@@l@@a@@m@@-eu@@n	11
m@@u@@l@@i	11
m@@i@@c@@h	11
k@@k@@eu@@l@@g@@o	11
j@@i@@b@@-eu@@l@@o	11
j@@a@@-@@e@@g@@e	11
i@@s@@s@@-eu@@l@@j@@i@@n@@j@@eo	11
i@@g@@a	11
ha@@n@@eu@@n@@j@@il@@a	11
ha@@d@@o@@e	11
h@@w@@a	11
g@@eo@@g@@i@@s@@eo	11
g@@a@@n@@a@@n@@ha@@n	11
eo@@b@@s@@n@@eu@@n	11
eo@@b@@s@@g@@o	11
d@@o@@e@@eo	11
d@@e@@l@@i@@g@@o	11
d@@a@@e@@ha@@y@@eo	11
b@@o@@n@@a@@e@@eo	11
b@@il@@l@@a@@d@@o@@g@@a	11
b@@a@@l@@i@@s@@a@@e@@i@@n@@d@@eu@@l@@-@@i	11
b@@a@@d@@n@@eu@@n	11
u@@l@@i	10
t@@t@@a@@e@@g@@a	10
s@@i@@b@@j@@a@@g@@a@@-@@e	10
s@@e@@l@@y@@e@@l@@eu@@l	10
m@@u@@l@@i@@e@@g@@e	10
m@@u@@l@@eu@@s	10
m@@eo@@g@@-eu@@l	10
m@@a@@l@@g@@o	10
m@@a@@-eu@@m@@-@@e	10
k@@k@@a@@e@@eo	10
j@@e	10
j@@a@@g@@il@@eu@@l	10
j@@a@@g@@-eu@@n	10
i@@s@@s@@-@@eo	10
ha@@s@@i@@m@@a@@e	10
ha@@l@@il@@a	10
ha@@g@@eo@@n@@eu@@l	10
g@@a@@u@@n@@d@@e@@s@@eo	10
eo@@j@@j@@i	10
d@@eu@@l@@-eu@@l	10
a@@n@@i@@ha@@l@@il@@a	10
a@@l@@a@@e	10
y@@e@@l@@u@@s@@a@@l@@l@@e@@m@@-@@e	9
u@@l@@il@@eu@@l	9
t@@t@@eo@@n@@a	9
s@@a@@l@@a@@m	9
o@@n@@eu@@n	9
o@@j@@i@@g	9
n@@o@@l@@l@@a	9
n@@eu@@n@@g@@h@@i	9
n@@eo@@n@@eu@@n	9
n@@eo@@m@@g@@y@@eo	9
n@@a@@e@@l@@y@@eo	9
m@@u@@l@@il@@eu@@l	9
m@@o@@s	9
m@@a@@c@@h@@i@@m	9
j@@u@@n@@g@@-@@e@@s@@eo	9
j@@e@@j@@a@@d@@eu@@l@@-eu@@l	9
j@@a@@d@@eu@@l@@-eu@@l	9
j@@a@@b@@-@@a	9
il@@eo@@h@@g@@e	9
i@@s@@s@@n@@eu@@n@@il@@a	9
i@@s@@s@@-eu@@n@@i	9
i@@n@@j@@a@@g@@a	9
i@@m@@i	9
ha@@n@@a@@g@@a	9
h@@u	9
g@@u@@ha@@n@@eu@@n	9
g@@i@@i@@h@@i	9
d@@u@@l	9
d@@eo@@u@@g	9
b@@u@@l@@l@@eo	9
b@@a@@d@@-eu@@n	9
a@@s@@i@@g@@o	9
a@@n@@i@@ha@@g@@o	9
a@@m@@u@@e@@g@@e@@d@@o	9
a@@m@@u	9
y@@eo@@l@@eo	8
y@@e@@s@@u@@w@@a	8
t@@t@@eo@@g@@-eu@@l	8
t@@t@@a@@l@@a	8
s@@o@@g@@-@@e	8
s@@a@@l@@a@@n@@g@@ha@@n@@eu@@n	8
s@@a@@l@@a@@m@@-@@u@@i	8
o@@h@@il@@y@@eo	8
n@@eo@@h@@u@@i@@w@@a	8
m@@a@@l@@-@@i	8
j@@u@@l@@eu@@l	8
j@@a@@l@@eu@@l	8
il@@eu@@m@@-eu@@l	8
i@@s@@s@@d@@eo@@l@@a	8
ha@@s@@i@@n@@d@@a@@e	8
ha@@m@@y@@eo	8
h@@o@@g	8
g@@w@@i@@s@@i@@n	8
g@@il@@o@@g@@d@@o@@e@@n	8
g@@eu@@l@@eo@@h@@g@@e	8
g@@eu@@e@@g@@e	8
g@@a@@l@@a	8
eo@@b@@s@@n@@a@@n@@i	8
d@@e@@l@@i@@s@@i@@g@@o	8
d@@a@@w@@i@@s@@-@@u@@i	8
d@@a@@n@@g@@s@@i@@n@@-@@u@@i	8
c@@h@@o@@n@@-@@e	8
b@@u@@l@@s@@s@@a@@n@@g@@h@@i	8
b@@a@@d@@j@@i	8
y@@o@@ha@@n@@-eu@@l	7
y@@eo@@n@@g@@-@@g@@w@@a@@n@@g@@-eu@@l	7
y@@e@@s@@u@@n@@eu@@n	7
u@@p@@y@@eo@@n@@-@@e	7
u@@l@@i@@e@@g@@e	7
t@@t@@eo@@l@@-@@eo@@j@@i@@m@@a@@e	7
t@@t@@eo@@g	7
p@@o@@d@@o@@w@@o@@n	7
o@@e@@e@@n@@eu@@n	7
n@@eu@@n@@g@@l@@y@@eo@@g@@-@@i	7
n@@eo@@h@@u@@i@@d@@o	7
n@@eo@@h@@n@@eu@@n	7
n@@a@@g@@a	7
m@@u@@eo@@s@@-eu@@l@@o	7
m@@o@@s@@ha@@l	7
m@@o@@s@@ha@@g@@o	7
m@@i@@d@@j@@i	7
m@@a@@l@@ha@@g@@il@@eu@@l	7
m@@a@@l	7
k@@k@@a@@e@@d@@a@@d@@j@@i	7
j@@u	7
j@@i@@g@@eu@@g@@h@@i	7
j@@i@@b@@-eu@@l	7
j@@i@@b@@-@@i	7
j@@eo@@h@@u@@i@@u@@i	7
j@@eo@@e@@g@@e	7
j@@e@@j@@a@@d@@eu@@l@@g@@w@@a	7
j@@e@@j@@a	7
j@@a@@y@@eo	7
j@@a@@d@@eu@@l@@-@@e@@g@@e	7
il@@g@@o@@b	7
il@@eu@@j@@i	7
il@@eo@@m@@eu@@l@@o	7
i@@w@@a	7
i@@s@@s@@n@@eu@@n@@y@@a	7
i@@s@@s@@n@@eu@@n@@j@@il@@a	7
i@@s@@s@@-eu@@l@@a	7
ha@@s@@i@@n	7
ha@@n@@eu@@n@@y@@a	7
ha@@m@@a@@e	7
ha@@j@@i	7
ha@@e@@n@@g@@ha@@n	7
h@@o@@e@@d@@a@@n@@g@@-@@e@@s@@eo	7
g@@y@@eo@@t@@-@@e	7
g@@u@@w@@o@@n@@-eu@@l	7
g@@o@@s@@-@@e	7
g@@eu@@w@@a	7
g@@eo@@t@@-@@o@@s@@-eu@@l	7
g@@eo@@g@@i	7
d@@u@@l@@l@@eo	7
d@@o@@n@@g@@n@@e@@e	7
d@@eu@@l@@-@@eo@@g@@a@@s@@eo	7
d@@eu@@l@@-@@eo@@g@@a	7
d@@a@@e@@l@@o	7
b@@o@@n@@a@@e@@s@@i@@m@@y@@eo	7
b@@o@@n@@a@@e@@n@@i	7
b@@o@@n	7
b@@eo@@l@@i@@g@@o	7
b@@e@@d@@eu@@l@@o@@w@@a	7
b@@a@@e@@g@@s@@eo@@n@@g@@-eu@@l	7
b@@a@@e@@g@@s@@eo@@n@@g@@-@@i	7
b@@a@@d@@g@@o	7
a@@n@@j@@-eu@@n	7
a@@n@@j@@-@@a	7
a@@n@@i@@ha@@n@@il@@a	7
a@@n@@h@@n@@eu@@n	7
a@@g@@ha@@n	7
a@@d@@eu@@l	7
y@@u@@w@@o@@l@@j@@eo@@l@@-eu@@l	6
y@@u@@d@@a@@e@@i@@n@@-@@u@@i	6
y@@o@@ha@@n@@-@@u@@i	6
y@@eo@@g@@y@@eo	6
u@@l@@i@@u@@i	6
t@@t@@o@@ha@@n	6
t@@t@@a@@e@@e@@n@@eu@@n	6
s@@o@@l@@i@@j@@il@@l@@eo	6
s@@o@@g@@y@@eo@@n@@g@@-@@i	6
s@@eo@@n@@g@@j@@eo@@n@@-@@e@@s@@eo	6
s@@a@@l@@a@@m@@-@@e@@g@@e@@s@@eo	6
s@@a@@d@@a@@n@@-@@i	6
n@@eo@@h@@u@@i@@u@@i	6
n@@a@@s@@eo	6
n@@a@@l@@a@@-@@e	6
n@@a@@l@@-@@i	6
n@@a@@l@@-@@e	6
m@@u@@d@@d@@o@@e	6
m@@o@@s@@ha@@n@@eu@@n@@y@@a	6
m@@eo@@g@@n@@eu@@n	6
m@@a@@l@@m@@y@@eo	6
m@@a@@l@@i@@a@@w@@a	6
k@@k@@u@@j@@i@@j@@-@@eo	6
j@@u@@eo	6
j@@o@@n@@g@@-@@i	6
j@@o@@e@@l@@eu@@l	6
j@@o@@c@@h@@-eu@@n@@il@@a	6
j@@i@@b@@-@@e@@s@@eo	6
j@@i@@b	6
j@@eo@@n@@eu@@n	6
j@@eo@@h@@u@@i@@n@@eu@@n	6
j@@e@@j@@a@@l@@eu@@l	6
j@@a@@n@@il@@a	6
j@@a@@n@@i	6
j@@a@@l@@a	6
j@@a@@d@@o	6
j@@a@@d@@eu@@l@@g@@w@@a	6
j@@a@@d@@eu@@l@@-eu@@n	6
j@@a@@-@@e@@g@@e@@n@@eu@@n	6
il@@eu@@m@@-eu@@l@@o	6
i@@s@@s@@-eu@@l	6
i@@g@@eo@@s@@-eu@@l	6
ha@@n@@s@@a@@l@@a@@m@@-@@i	6
ha@@n@@eu@@l@@l@@o@@s@@eo	6
ha@@n@@a@@n@@i@@m@@-eu@@l	6
ha@@n@@a@@l@@eu@@l	6
ha@@e@@n@@g@@ha@@n@@eu@@n	6
h@@o@@e@@d@@a@@n@@g@@-@@e	6
h@@i@@m@@-@@i@@b@@-@@eo	6
g@@w@@o@@n@@s@@e@@l@@eu@@l	6
g@@il@@-@@e@@s@@eo	6
g@@eo@@s@@-eu@@l@@o	6
g@@eo@@s	6
g@@a@@u@@n@@d@@e	6
eo@@l@@m@@a@@n@@a	6
eo@@d@@j@@i	6
d@@u@@l@@y@@eo@@w@@o	6
d@@u@@l@@u	6
d@@u@@l@@-eu@@l	6
d@@o@@l@@-@@a@@g@@a	6
d@@eu@@l@@-@@eo@@g@@a@@s@@i@@n@@i	6
d@@eu@@l@@-@@eo@@g@@a@@n@@eu@@n	6
d@@eu@@l@@-@@eo	6
d@@eu@@d@@n@@eu@@n	6
d@@a@@n@@g	6
b@@o@@m@@y@@eo@@n	6
b@@o@@g@@-eu@@m@@-eu@@l	6
b@@i@@y@@u@@l@@eu@@l	6
b@@a@@l@@i@@s@@a@@e@@i@@n@@-@@u@@i	6
b@@a@@l	6
a@@n@@i@@ha@@n@@eu@@n	6
a@@n@@h@@g@@o	6
a@@l@@g@@o	6
a@@i@@g@@a	6
a@@i	6
a@@d@@eu@@l@@-eu@@l	6
y@@e@@s@@u@@k@@k@@e@@l@@o	5
y@@e@@l@@u@@s@@a@@l@@l@@e@@m@@-eu@@l@@o	5
w@@a@@n@@g	5
u@@l@@i@@n@@eu@@n	5
t@@t@@e@@eo	5
t@@t@@a@@l@@o	5
t@@a@@e@@g@@ha@@s@@i@@n	5
s@@o@@n@@-@@i	5
s@@o@@m@@u@@n@@-eu@@l	5
s@@o@@m@@u@@n@@-@@i	5
s@@o@@l@@i@@g@@a	5
s@@i@@m@@o@@n@@-@@u@@i	5
s@@eo@@n@@s@@a@@e@@n@@g@@n@@i@@m	5
s@@eo@@n@@j@@i@@j@@a	5
s@@eo@@n@@ha@@n	5
s@@eo@@m@@g@@i@@n@@eu@@n	5
s@@eo@@g@@i@@g@@w@@a@@n@@d@@eu@@l@@g@@w@@a	5
s@@e@@l@@y@@e	5
s@@e@@l@@i@@w@@a	5
p@@y@@o@@j@@eo@@g@@-eu@@l	5
p@@a@@n@@eu@@n	5
o@@s	5
o@@n@@eu@@l	5
o@@l@@l@@a	5
n@@u@@n@@-@@i	5
n@@a@@w@@a@@s@@eo	5
n@@a@@l@@g@@-eu@@n	5
n@@a@@g@@a@@s@@eo	5
n@@a@@g@@a@@s@@a	5
n@@a@@d@@o	5
m@@u@@l@@-eu@@s@@i@@d@@o@@e	5
m@@o@@y@@eo	5
m@@o@@s@@ha@@n@@o@@l@@a	5
m@@o@@s@@ha@@l@@il@@a	5
m@@a@@s@@i@@g@@o	5
m@@a@@l@@s@@s@@eu@@m@@ha@@s@@i@@l	5
m@@a@@l@@i@@a@@g@@a	5
m@@a@@l@@eu@@n	5
m@@a@@-eu@@m@@-eu@@l	5
k@@eu@@g@@e	5
j@@u@@u@@i@@ha@@l@@a	5
j@@u@@o@@b@@s@@o@@s@@eo	5
j@@u@@l@@il@@a	5
j@@u@@l@@a	5
j@@o@@c@@h@@-eu@@l@@a	5
j@@o@@c@@h@@-@@a	5
j@@j@@o@@c@@h@@-@@a	5
j@@eo@@u@@i	5
j@@eo	5
j@@e@@j@@a@@d@@eu@@l@@-eu@@n	5
j@@a@@w@@a	5
j@@a@@n@@g@@c@@h@@a	5
j@@a@@g@@i@@w@@a	5
il@@l@@eo	5
il@@eu@@m@@a@@e	5
il@@eu@@m@@-@@i	5
il@@-@@eo@@n@@a@@l@@a	5
i@@s@@s@@n@@a@@i@@d@@a	5
i@@s@@s@@d@@o@@d@@a	5
i@@s@@s@@-eu@@l@@il@@o@@d@@a	5
i@@j@@e	5
i@@g@@eo@@s@@-eu@@n	5
i@@b@@g@@o	5
i@@b@@-eu@@n	5
ha@@s@@o@@s@@eo	5
ha@@s@@i@@l	5
ha@@n@@eu@@l@@-@@e	5
ha@@n@@a@@n@@i@@m@@k@@k@@e@@s@@eo	5
ha@@n@@a@@n@@i@@m@@-eu@@n	5
ha@@n@@a@@n@@i@@m@@-@@i	5
ha@@n@@a@@i@@n	5
ha@@e	5
h@@y@@a@@n@@g@@ha@@y@@eo	5
h@@i@@m@@-eu@@l	5
h@@e@@l@@o@@s@@-@@i	5
g@@y@@eo@@n@@g@@l@@y@@eo@@n@@-eu@@l	5
g@@w@@i@@s@@i@@n@@d@@eu@@l@@-@@i	5
g@@w@@a@@n@@ha@@n	5
g@@o@@n@@a@@n@@-eu@@l	5
g@@o@@ha@@n@@i	5
g@@i@@l	5
g@@eu@@m@@u@@l@@-eu@@l	5
g@@eu@@m@@ha@@j@@i	5
g@@eu@@l@@eo@@n@@j@@eu@@g	5
g@@eo@@s@@-@@il@@a	5
g@@eo@@j@@i@@s	5
g@@a@@t@@-eu@@n@@i	5
g@@a@@l	5
g@@a@@j@@i@@s@@a	5
g@@a@@g@@g@@a@@g	5
d@@w@@il@@o	5
d@@o@@l@@o	5
d@@o@@e@@l	5
d@@eu@@l@@l@@i@@n	5
d@@eu@@l@@-eu@@s@@i@@g@@o	5
d@@eu@@l@@-eu@@l@@a	5
d@@eu@@l@@-@@eo@@g@@a@@s@@a	5
d@@eu@@l@@-@@eo@@g@@a@@j@@i	5
d@@a@@l@@l@@a	5
d@@a@@ha@@g@@o	5
c@@ha@@m@@-eu@@l@@o	5
b@@o@@n@@i	5
b@@o@@l@@y@@eo@@g@@o	5
b@@o@@g@@e	5
b@@i@@c@@h@@-eu@@l	5
b@@eo@@l@@i@@n	5
b@@a@@k@@k@@-@@e	5
b@@a@@d@@a@@-@@e	5
a@@n@@i@@y@@o	5
a@@n@@i@@n@@y@@a	5
a@@n@@i@@ha@@y@@eo@@s@@s@@n@@eu@@n@@y@@a	5
a@@n@@h@@-eu@@l	5
a@@n@@a@@e@@l@@eu@@l	5
a@@i@@u@@i	5
a@@b@@eo@@j@@i@@y@@eo	5
y@@u@@d@@a@@g@@a	4
y@@o@@n@@g@@s@@eo@@ha@@l@@a	4
y@@o@@ha@@n@@g@@w@@a	4
y@@o@@ha@@n@@-@@e@@g@@e	4
y@@eo@@j@@a@@d@@eu@@l@@-@@i	4
y@@eo@@g@@i@@s@@o@@s@@eo	4
y@@eo@@g@@i@@s@@a	4
y@@eo@@g@@i@@d@@eo@@l@@a	4
y@@e@@s@@u	4
y@@e@@l@@u@@s@@a@@l@@l@@e@@m@@-@@e@@s@@eo	4
w@@o@@n@@ha@@n@@eu@@n	4
u@@i@@n@@o@@n@@ha@@y@@eo	4
t@@t@@eu@@s@@-eu@@l	4
t@@t@@e@@g@@a	4
t@@t@@a@@e@@l@@i@@g@@o	4
s@@o@@g@@-eu@@l@@o	4
s@@o@@g@@-@@e@@s@@eo	4
s@@i@@h@@eo@@m@@ha@@y@@eo	4
s@@i@@b@@j@@a@@g@@a@@l@@eu@@l	4
s@@eo@@s@@s@@n@@eu@@n	4
s@@eo@@n@@g@@j@@eo@@n@@-@@e	4
s@@eo@@n@@g@@-@@g@@y@@eo@@n@@g@@-eu@@l	4
s@@eo	4
s@@a@@n@@-@@e@@s@@eo	4
s@@a@@l@@a@@m@@d@@eu@@l@@-@@u@@i	4
s@@a@@l@@a@@m@@d@@eu@@l@@-@@e@@g@@e	4
s@@a@@l@@-@@a@@n@@a@@l	4
p@@y@@eo@@n@@g@@-@@a@@n@@h@@i	4
p@@o@@d@@o@@w@@o@@n@@-eu@@l	4
p@@a@@l@@-@@a	4
o@@s@@a	4
o@@l@@il@@a	4
o@@l	4
o@@e@@e	4
n@@w@@i	4
n@@u@@n@@-eu@@l	4
n@@o@@p@@-eu@@n	4
n@@o@@n@@g@@b@@u@@d@@eu@@l@@-@@e@@g@@e	4
n@@a@@s@@g@@e	4
n@@a@@s@@a@@l@@e@@s	4
n@@a@@n@@w@@o	4
n@@a@@m@@u@@g@@a	4
n@@a@@m@@-eu@@n	4
n@@a@@l@@m@@a@@d@@a	4
n@@a@@l@@-@@e@@n@@eu@@n	4
n@@a@@g@@a@@n	4
m@@u@@l@@i@@u@@i	4
m@@u@@eo@@s@@-@@i@@n@@y@@a	4
m@@u@@eo@@s@@-@@i@@d@@eu@@n@@j@@i	4
m@@u@@d@@eo@@m@@-@@e	4
m@@u@@d@@eo@@m	4
m@@o@@s@@ha@@g@@e	4
m@@o@@s@@ha@@d@@eo@@l@@a	4
m@@o@@m@@-eu@@l	4
m@@o@@m@@-@@e	4
m@@o@@g@@s@@u@@m@@-eu@@l	4
m@@o@@c@@h@@i@@n@@g@@w@@a	4
m@@il@@i	4
m@@i@@d@@n@@eu@@n	4
m@@eo@@m@@u@@l@@l@@eo	4
m@@a@@l@@s@@s@@eu@@m@@-@@i	4
m@@a@@l@@ha@@n@@eu@@n	4
m@@a@@l@@ha@@n	4
m@@a@@g@@d@@a@@l@@l@@a	4
m@@a@@-eu@@m@@-@@i	4
k@@k@@a@@e@@k@@k@@eu@@s@@ha@@m@@-eu@@l	4
k@@eu@@n@@y@@a	4
j@@u@@s@@i@@g@@il@@eu@@l	4
j@@u@@m@@y@@eo	4
j@@u@@k@@k@@e	4
j@@u@@j@@i	4
j@@u@@g@@o	4
j@@u@@g@@g@@e	4
j@@o@@g@@eu@@m	4
j@@eu@@g@@s@@i	4
j@@eo@@h@@u@@i@@w@@a	4
j@@eo@@b@@eo@@l@@i@@n@@eu@@n	4
j@@e@@j@@a@@g@@a	4
j@@a@@n@@g@@l@@o@@d@@eu@@l@@g@@w@@a	4
j@@a@@n@@-eu@@l	4
j@@a@@l	4
j@@a@@g@@i@@e@@g@@e	4
j@@a@@d@@eu@@l@@-@@u@@i	4
il@@-eu@@k@@i@@g@@e	4
i@@u@@s@@-eu@@l	4
i@@s@@s@@n@@a@@n@@i	4
i@@s@@s@@g@@e	4
i@@s@@s@@d@@eo@@n@@i	4
i@@s@@s@@d@@a	4
i@@s@@s@@-eu@@m@@y@@eo@@n	4
i@@s@@s@@-eu@@m@@y@@eo	4
i@@s@@s@@-eu@@l@@il@@a	4
i@@s@@s@@-@@eo@@y@@a	4
i@@n@@j@@a@@u@@i	4
i@@n@@j@@a@@n@@eu@@n	4
i@@l	4
i@@g@@a@@t@@-@@i	4
ha@@y@@eo@@y@@a	4
ha@@n@@j@@eo@@g@@ha@@n	4
ha@@n@@il@@a	4
ha@@n@@g@@s@@a@@n@@g	4
ha@@n@@eu@@n@@j@@i	4
ha@@n@@a@@n@@i@@m@@-@@i@@y@@o	4
ha@@n@@a@@i@@d@@a	4
ha@@m@@-@@i@@n@@il@@a	4
ha@@l@@y@@eo@@g@@o	4
ha@@l@@y@@eo	4
h@@y@@eo@@n@@g@@j@@e@@g@@a	4
h@@o@@g@@-eu@@n	4
g@@w@@o@@n@@s@@e@@l@@o	4
g@@w@@o@@n@@s@@e	4
g@@w@@a@@y@@eo@@n	4
g@@u@@w@@o@@n@@ha@@y@@eo@@s@@s@@-eu@@n@@i	4
g@@o@@c@@h@@i@@m@@-eu@@l	4
g@@il@@-eu@@l	4
g@@il@@-@@e	4
g@@i@@d@@o@@ha@@l@@a	4
g@@eu@@n@@eu@@n	4
g@@eu@@m@@s@@i@@g@@ha@@l	4
g@@eu@@l@@i@@s@@eu@@d@@o@@g@@a	4
g@@eu@@l@@i@@g@@o	4
g@@eu@@l@@eo@@h@@j@@i	4
g@@eu@@g@@eo@@s@@-eu@@l	4
g@@eo@@s@@-@@i@@n@@i	4
g@@eo@@s@@-@@e	4
g@@a@@t@@j@@i	4
g@@a@@s@@i@@n@@i	4
g@@a@@n@@g@@ha@@n	4
g@@a@@n@@eu@@n	4
g@@a@@k@@k@@a@@u@@n	4
g@@a@@g@@o	4
g@@a@@g	4
g@@a@@-@@e	4
eo@@p@@d@@eu@@l@@y@@eo	4
eo@@d@@-eu@@l	4
eo@@b@@s@@-@@i	4
e@@l@@l@@i@@y@@a@@g@@a	4
d@@u@@n	4
d@@u@@j@@i	4
d@@o@@l@@l@@i@@m@@y@@eo	4
d@@o@@l@@-@@i@@k@@y@@eo	4
d@@o@@l@@-@@a@@w@@a	4
d@@o@@l@@-@@a	4
d@@o@@e@@l@@il@@a	4
d@@o@@e@@g@@o	4
d@@eu@@l@@-@@eo@@g@@a@@n@@i	4
d@@eu@@l@@-@@eo@@g@@a@@d@@eu@@n@@j@@i	4
d@@eo@@b@@u@@l@@-@@eo	4
d@@a@@s@@eo@@s	4
d@@a@@n@@g@@s@@i@@n@@-eu@@n	4
d@@a@@m@@a@@n	4
d@@a@@ha@@y@@eo	4
d@@a@@e@@j@@e@@s@@a@@j@@a@@n@@g@@-@@u@@i	4
d@@a@@e@@d@@a@@b@@ha@@s@@i@@d@@o@@e	4
c@@ha@@l@@a@@l@@i	4
c@@h@@i@@n@@h@@i	4
c@@h@@i@@m@@y@@eo	4
c@@h@@i@@l	4
c@@h@@eo@@s@@n@@a@@l	4
c@@h@@eo@@n@@s@@a@@g@@a	4
b@@y@@eo@@n@@g	4
b@@u@@n@@j@@a@@e@@n@@g@@ha@@m@@y@@eo@@n	4
b@@u@@m@@o@@l@@eu@@l	4
b@@o@@s@@o@@s@@eo	4
b@@o@@s@@i@@n@@i	4
b@@o@@s@@i@@m@@y@@eo	4
b@@o@@n@@eu@@n	4
b@@o@@n@@a@@e@@s@@i@@m@@-eu@@l	4
b@@o@@j@@i	4
b@@o@@g@@-eu@@m@@-@@i	4
b@@a@@l@@i@@s@@a@@e@@i@@n@@g@@w@@a	4
b@@a@@l@@a@@g@@o	4
b@@a@@e@@g@@s@@eo@@n@@g@@-@@e@@g@@e	4
b@@a@@a@@l@@s@@e@@b@@u@@l@@-eu@@l	4
a@@n@@j@@-eu@@s@@a	4
a@@n@@il@@a	4
a@@n@@i@@ha@@s@@i@@g@@o	4
a@@n@@h@@-eu@@n	4
a@@n@@eu@@n	4
a@@n@@a@@n@@i	4
a@@m@@u@@d@@o	4
a@@l@@l@@a	4
a@@l@@h@@n@@eu@@n	4
a@@j@@i@@g	4
a@@d@@eu@@l@@-@@il@@a	4
a@@d@@eu@@l@@-@@i	4
a@@b@@eu@@l@@a@@ha@@m@@-@@u@@i	4
y@@u@@g@@j@@i@@e	3
y@@u@@d@@a@@e	3
y@@eo@@n@@g@@s@@a@@e@@n@@g@@-eu@@l	3
y@@eo@@n@@b@@o	3
y@@eo@@l@@m@@a@@e@@l@@eu@@l	3
y@@eo@@l@@m@@a@@e	3
y@@eo@@l@@i@@g@@o@@-@@e	3
y@@eo@@j@@a@@l@@eu@@l	3
y@@eo@@g@@i@@m@@-eu@@l	3
y@@e@@b@@i@@ha@@l@@a	3
y@@a@@g@@o@@b@@-@@u@@i	3
w@@o@@n@@s@@u@@l@@eu@@l	3
w@@o@@n@@ha@@s@@i@@n@@a@@i@@k@@k@@a	3
w@@a@@s@@s@@n@@o@@l@@a	3
u@@n@@eu@@n	3
u@@l@@g@@i	3
u@@l@@eo@@l@@eo	3
t@@t@@i@@g@@o	3
t@@t@@eo@@l@@m@@y@@eo	3
t@@t@@a@@n@@g	3
t@@t@@a@@l@@eu@@j@@i	3
t@@t@@a@@l@@-@@i	3
t@@a@@g@@o	3
s@@w@@i@@u@@l@@il@@a	3
s@@o@@n@@-eu@@l@@o	3
s@@o@@n@@-@@e	3
s@@o@@n	3
s@@o@@l@@il@@eu@@l	3
s@@o@@l@@i@@j@@il@@eu@@d@@o@@e	3
s@@o@@g@@y@@eo@@n@@g@@-eu@@l	3
s@@il@@j@@o@@g@@k@@e	3
s@@i@@n@@l@@a@@n@@g@@-@@g@@w@@a	3
s@@i@@m@@p@@a@@n	3
s@@i@@m@@o@@n@@g@@w@@a	3
s@@i@@m@@o@@n@@-@@e@@g@@e	3
s@@i@@m@@o@@n@@-@@a	3
s@@i@@h@@eo@@m@@-@@e	3
s@@i@@e	3
s@@eo@@n@@s@@a@@e@@n@@g@@-@@i@@y@@eo	3
s@@eo@@n@@g@@l@@y@@eo@@n@@g@@-@@i	3
s@@eo@@n@@g@@j@@eo@@n@@-eu@@l	3
s@@eo@@n@@g@@j@@eo@@n	3
s@@eo@@n@@-eu@@l	3
s@@eo@@l	3
s@@eo@@g@@i@@g@@w@@a@@n@@g@@w@@a	3
s@@e@@d@@a@@e@@g@@a	3
s@@a@@n@@-@@e	3
s@@a@@n	3
s@@a@@m@@g@@a@@l@@a	3
s@@a@@l@@y@@e@@ha@@s@@i@@g@@o	3
s@@a@@l@@a@@n@@g@@ha@@l@@a	3
s@@a@@l@@a@@m@@d@@o	3
s@@a@@l@@a@@m@@-@@a	3
s@@a@@il@@o	3
s@@a@@ha@@s@@i@@m@@-eu@@l	3
s@@a@@ha@@m@@-eu@@l	3
s@@a@@e@@n@@g@@s@@eo@@n	3
s@@a@@b@@a@@n@@g@@-@@e	3
p@@y@@o@@j@@eo@@g@@-@@i	3
p@@y@@eo@@n@@g@@-@@a@@n@@ha@@l@@j@@i@@eo@@d@@a	3
p@@o@@d@@o@@j@@u@@l@@eu@@l	3
p@@a@@g@@o	3
o@@s@@-@@e	3
o@@m@@a@@e	3
o@@l@@h@@d@@o@@d@@a	3
o@@l@@a@@e	3
o@@g@@ha@@b@@-eu@@l	3
o@@e@@s@@i@@g@@ha@@n@@eu@@n	3
n@@u@@g@@u@@n@@y@@a	3
n@@o@@n@@g@@b@@u@@d@@eu@@l@@-@@i	3
n@@o@@l@@l@@a@@g@@o	3
n@@o@@h@@g@@e	3
n@@eu@@n@@g@@c@@h@@i	3
n@@eo@@u@@i	3
n@@eo@@h@@u@@il@@o	3
n@@eo@@h@@-@@eo	3
n@@eo@@d@@o	3
n@@a@@l@@k@@k@@a@@j@@i	3
n@@a@@l@@a@@u@@i	3
n@@a@@j@@u@@n@@g	3
n@@a@@g@@w@@i	3
n@@a@@g@@a@@s@@s@@d@@eo@@n@@y@@a	3
n@@a@@e@@g@@o	3
n@@a@@-eu@@n	3
m@@y@@eo@@n@@g@@ha@@y@@eo	3
m@@u@@l@@i@@w@@a	3
m@@u@@l@@-eu@@l	3
m@@u@@l	3
m@@u@@d@@j@@a@@o@@d@@o@@e	3
m@@o@@s@@ha@@n@@i	3
m@@o@@s@@ha@@n@@eu@@n	3
m@@o@@s@@ha@@g@@e@@s@@s@@n@@o@@l@@a	3
m@@o@@s@@e@@-@@u@@i	3
m@@o@@n@@g@@c@@h@@il@@eu@@l	3
m@@o@@m@@-@@i	3
m@@i@@u@@m@@-eu@@l	3
m@@eu@@n@@a@@l@@eu@@l	3
m@@eo@@l@@il@@eu@@l	3
m@@e@@g@@o	3
m@@a@@s@@i@@n@@eu@@n	3
m@@a@@n@@n@@a	3
m@@a@@n@@k@@eu@@m	3
m@@a@@l@@s@@s@@eu@@m@@ha@@y@@eo	3
m@@a@@l@@s@@s@@eu@@m@@ha@@s@@i@@n	3
m@@a@@l@@s@@s@@eu@@m@@d@@o	3
m@@a@@l@@s@@s@@eu@@m@@d@@a@@e@@l@@o	3
m@@a@@l@@l@@o	3
m@@a@@l@@ha@@y@@eo	3
m@@a@@l@@ha@@j@@i	3
m@@a@@l@@g@@w@@a	3
m@@a@@g@@w@@i@@g@@a	3
m@@a@@-eu@@m@@-@@u@@i	3
k@@k@@u@@l@@h@@-@@eo	3
k@@k@@eo@@j@@i@@j@@i	3
k@@k@@a@@e@@k@@k@@eu@@s@@k@@e	3
j@@w@@a@@p@@y@@eo@@n@@-@@e	3
j@@u@@s@@i@@l	3
j@@u@@n@@g@@-@@u@@i	3
j@@u@@n@@eu@@n	3
j@@u@@n	3
j@@u@@l@@l@@o	3
j@@u@@g@@il@@eu@@l	3
j@@u@@g@@-@@il@@y@@eo@@g@@o	3
j@@u@@g@@-@@i@@g@@o	3
j@@u@@g@@-@@eo@@s@@s@@n@@a@@i@@d@@a	3
j@@u@@-@@i@@n@@-@@e@@g@@e	3
j@@o@@n@@g@@-@@y@@o@@n@@g@@h@@i	3
j@@o@@g@@a@@g	3
j@@o@@e@@i@@n@@-eu@@l	3
j@@o@@e	3
j@@i@@s@@d@@o@@e	3
j@@i@@n@@a@@g@@a@@s@@i@@d@@a@@g@@a	3
j@@i@@h@@y@@e@@w@@a	3
j@@i@@g@@eu@@m	3
j@@eu@@n@@g@@-@@g@@eo@@l@@eu@@l	3
j@@eo@@p@@y@@eo@@n@@-eu@@l@@o	3
j@@eo@@n@@p@@a@@ha@@n@@i	3
j@@eo@@m@@u@@l@@m@@a@@e	3
j@@e@@j@@a@@d@@eu@@l@@d@@o	3
j@@a@@y@@o	3
j@@a@@n@@g@@-@@g@@a@@d@@eu@@n@@eu@@n	3
j@@a@@n@@c@@h@@il@@eu@@l	3
j@@a@@m@@j@@a@@m@@ha@@l@@a	3
j@@a@@m@@j@@a@@m@@ha@@g@@o	3
j@@a@@l@@il@@eu@@l	3
j@@a@@g@@i@@d@@eu@@l@@-@@u@@i	3
j@@a@@d@@eu@@l@@-@@a	3
j@@a@@b@@n@@eu@@n	3
j@@a@@b@@g@@o	3
il@@l@@o	3
il@@il@@o	3
il@@g@@w@@a	3
il@@eu@@m@@-eu@@n	3
il@@eu@@g@@il@@eu@@l	3
il@@-@@eo@@n@@a@@s@@eo	3
i@@u@@i	3
i@@s@@s@@g@@eo@@d@@eu@@n	3
i@@s@@s@@d@@a@@n@@eu@@n	3
i@@s@@s@@d@@a@@g@@a	3
i@@s@@a@@n@@g@@h@@i	3
i@@n@@j@@a@@l@@eu@@l	3
i@@k@@k@@eu@@l@@g@@o	3
i@@j@@e@@n@@eu@@n	3
i@@b@@a@@n@@g@@-@@i@@n@@-@@u@@i	3
ha@@y@@eo@@s@@s@@n@@eu@@n@@y@@a	3
ha@@y@@eo@@s@@s@@-eu@@n@@i	3
ha@@y@@eo@@s@@s@@-eu@@n@@a	3
ha@@s@@y@@eo@@s@@s@@d@@eo@@n@@i	3
ha@@s@@y@@eo@@s@@s@@d@@eo@@l@@a	3
ha@@s@@a	3
ha@@n@@eu@@l@@-eu@@l	3
ha@@n@@eu@@l@@-@@e@@s@@eo	3
ha@@n@@a@@n@@i@@m@@g@@w@@a	3
ha@@n@@a@@n@@i	3
ha@@n@@a@@i@@k@@k@@a	3
ha@@n@@a@@d@@o	3
ha@@n@@a	3
ha@@m@@u@@l@@m@@y@@eo	3
ha@@m@@k@@k@@e@@ha@@n	3
ha@@l@@u@@n@@eu@@n	3
ha@@l@@j@@i@@n@@il@@a	3
ha@@l@@i@@i@@k@@k@@a	3
ha@@g@@eo@@d@@eu@@n	3
ha@@e@@n@@g@@ha@@y@@eo	3
ha@@e@@n@@g@@c@@h@@i	3
ha@@b@@ha@@j@@i	3
h@@y@@eo@@n@@g@@j@@e@@n@@a	3
h@@y@@eo@@n@@g@@j@@e	3
h@@y@@a@@n@@g@@-@@y@@u@@l@@eu@@l	3
h@@w@@a@@g@@a	3
h@@o@@g@@-@@i	3
h@@o@@e@@d@@a@@n@@g@@j@@a@@n@@g@@-@@u@@i	3
h@@eo@@d@@a@@ha@@n	3
g@@y@@eo@@n@@g@@-@@g@@y@@e@@ha@@s@@a	3
g@@y@@eo@@l@@d@@a@@n@@k@@o	3
g@@y@@eo@@j@@a@@s@@s@@i	3
g@@y@@e@@s@@i@@n	3
g@@y@@e@@s@@i@@l	3
g@@y@@e@@m@@y@@eo@@n@@g@@-eu@@l	3
g@@w@@il@@eu@@l	3
g@@w@@i@@s@@i@@n@@d@@eu@@l@@l@@i@@n	3
g@@w@@i	3
g@@w@@e@@e	3
g@@w@@a@@b@@u@@u@@i	3
g@@w@@a@@b@@u@@n@@eu@@n	3
g@@u@@w@@o@@n@@ha@@y@@eo@@s@@s@@n@@eu@@n@@il@@a	3
g@@u@@l@@eu@@m@@-eu@@l	3
g@@u@@l@@eu@@m@@-@@i	3
g@@u@@l@@eu@@m	3
g@@u@@ha@@y@@eo@@s@@s@@-eu@@n@@a	3
g@@o@@s@@-@@e@@s@@eo	3
g@@o@@s	3
g@@o@@ha@@d@@o@@e	3
g@@o@@e@@l@@o@@b@@g@@e	3
g@@il@@o@@g@@ha@@g@@il@@eu@@l	3
g@@i@@d@@o@@ha@@s@@i@@l	3
g@@i@@d@@o@@ha@@s@@i@@g@@o	3
g@@i@@d@@o@@ha@@l	3
g@@i@@d@@o@@ha@@g@@o	3
g@@eu@@d@@a@@e@@l@@o	3
g@@eo@@s@@g@@a@@t@@-@@i	3
g@@eo@@s@@d@@o	3
g@@eo@@s@@-@@i@@n@@a	3
g@@eo@@s@@-@@i@@m@@-@@i@@y@@o	3
g@@eo@@p@@u@@m@@-eu@@l	3
g@@eo@@m@@g@@w@@a	3
g@@eo@@l@@a@@s@@a@@i@@n@@-@@u@@i	3
g@@eo@@j@@eo	3
g@@a@@u@@n@@d@@e@@l@@o	3
g@@a@@s@@il@@s@@a@@e	3
g@@a@@s@@i@@t@@t@@eo@@l@@g@@i@@e	3
g@@a@@s@@i@@l	3
g@@a@@s@@eu@@m@@-eu@@l	3
g@@a@@s@@a	3
g@@a@@n@@j@@eo@@l@@h@@i	3
g@@a@@n@@il@@a	3
g@@a@@n@@-eu@@m@@-eu@@l	3
g@@a@@m@@d@@a@@n@@g@@c@@h@@i	3
g@@a@@m@@a@@e	3
g@@a@@l@@l@@il@@l@@i@@e	3
g@@a@@l@@eu@@c@@h@@y@@eo	3
g@@a@@l@@eu@@c@@h@@i@@s@@i@@n@@i	3
g@@a@@l@@eu@@c@@h@@i@@s@@i@@m@@a@@e	3
g@@a@@j@@y@@eo	3
g@@a@@j@@il@@eo	3
g@@a@@j@@i@@j@@i	3
g@@a@@j@@i	3
g@@a@@i@@s@@a@@u@@i	3
g@@a@@i@@s@@a@@-@@e@@g@@e	3
g@@a@@b@@eo@@n@@a@@u@@m@@-@@e	3
eu@@n@@h@@y@@e@@l@@eu@@l	3
eo@@p@@d@@eu@@l@@i@@eo	3
eo@@m@@eo@@n@@i	3
eo@@j@@j@@i@@m@@-@@i@@n@@y@@o	3
eo@@d@@i@@s@@eo	3
eo@@d@@-eu@@l@@il@@a	3
eo@@d@@-eu@@l@@i@@i@@k@@k@@a	3
eo@@b@@s@@d@@o@@d@@a	3
eo@@b@@s@@d@@eo@@l@@a	3
eo@@b@@s@@d@@a	3
eo@@b@@s@@-eu@@m@@eu@@l@@o	3
eo@@b@@s@@-eu@@d@@o@@e	3
e@@w@@o@@s@@s@@a	3
e@@l@@l@@i@@y@@a@@l@@eu@@l	3
d@@w@@il@@eu@@l	3
d@@w@@a@@e@@j@@i@@e@@g@@e@@l@@o	3
d@@u@@l@@y@@eo@@w@@o@@ha@@y@@eo	3
d@@u@@l@@o@@w@@a	3
d@@u@@l@@-@@i	3
d@@u@@g@@o	3
d@@o@@n@@g@@s@@a@@e@@n@@g@@d@@eu@@l@@-@@i	3
d@@o@@n@@g@@-@@a@@n@@-@@e	3
d@@o@@n@@-eu@@l	3
d@@o@@l@@l@@y@@eo	3
d@@o@@l@@i@@eo	3
d@@o@@l@@-@@i	3
d@@o@@l@@-@@a@@b@@o@@s@@i@@m@@y@@eo	3
d@@o@@l	3
d@@o@@e@@m@@a@@e	3
d@@o@@e@@m@@-eu@@l	3
d@@o@@e@@j@@i	3
d@@o@@e@@g@@e	3
d@@o@@e@@eo@@s@@s@@n@@a@@n@@i	3
d@@o@@e@@eo@@s@@s@@d@@eo@@l@@a	3
d@@eu@@n@@g@@b@@u@@l@@-eu@@l	3
d@@eu@@n@@g@@-@@g@@y@@eo@@n@@g	3
d@@eu@@l@@l@@y@@eo@@s@@s@@d@@eo@@n	3
d@@eu@@l@@j@@i	3
d@@eu@@l@@-eu@@n	3
d@@eu@@l@@-@@eo@@g@@a@@n@@il@@a	3
d@@eu@@l@@-@@eo@@g@@a@@g@@i@@g@@a	3
d@@e@@l@@y@@eo@@o@@l@@a	3
d@@e@@l@@y@@eo@@d@@a@@g@@a	3
d@@a@@w@@i@@s@@-@@i	3
d@@a@@n@@i@@s@@i@@m@@y@@eo	3
d@@a@@n@@g@@s@@i@@n@@-eu@@l	3
d@@a@@l@@g@@-@@i	3
d@@a@@l@@g	3
d@@a@@ha@@m@@y@@eo	3
d@@a@@e@@s@@i@@m@@y@@eo	3
d@@a@@e@@j@@eo@@g@@ha@@y@@eo	3
d@@a@@e@@j@@e@@s@@a@@j@@a@@n@@g@@-@@i	3
d@@a@@e@@d@@a@@b@@ha@@d@@o@@e	3
d@@a@@e@@d@@a@@b@@d@@o	3
c@@ha@@n@@s@@o@@n@@g@@ha@@l@@il@@o@@d@@a	3
c@@h@@i@@m@@-eu@@l	3
c@@h@@eo@@s@@j@@j@@a@@e@@g@@a	3
c@@h@@eo@@n@@j@@i@@u@@i	3
c@@h@@eo@@n@@g@@n@@y@@eo@@n@@-@@i	3
c@@h@@eo@@n@@g@@k@@eo@@n@@d@@a@@e	3
c@@h@@eo@@c@@h@@eo@@e	3
b@@y@@eo@@n@@g@@-eu@@l	3
b@@u@@n@@b@@o@@n@@g@@-@@w@@a@@n@@g@@-eu@@l@@o	3
b@@u@@l@@l@@eo@@d@@a@@g@@a	3
b@@u@@l@@eu@@l@@eo	3
b@@u@@l@@-eu@@l	3
b@@u@@l@@-@@e	3
b@@u@@j@@o@@g@@ha@@n	3
b@@u@@-@@i@@n@@ha@@l@@il@@a	3
b@@o@@n@@a@@e@@l@@i@@n@@i	3
b@@o@@n@@a@@e@@eo@@s@@s@@g@@eo@@n@@eu@@l	3
b@@o@@l@@il@@a	3
b@@o@@il@@i@@n@@i	3
b@@o@@g@@o@@j@@a	3
b@@o@@g@@eo@@d@@eu@@n	3
b@@i@@n	3
b@@eo@@n@@g@@-@@eo@@l@@i	3
b@@eo@@n@@-@@y@@eo@@g@@ha@@m@@y@@eo@@n	3
b@@eo@@n	3
b@@e@@d@@eu@@l@@o@@-@@e@@g@@e	3
b@@e@@d@@a@@n@@i@@e	3
b@@a@@w@@i	3
b@@a@@l@@i@@s@@a@@e@@i@@n@@-@@i	3
b@@a@@l@@-eu@@l	3
b@@a@@e@@t@@-eu@@m@@y@@eo	3
b@@a@@e@@n	3
b@@a@@e@@g@@s@@eo@@n@@g@@-@@u@@i	3
b@@a@@e@@e@@s@@eo	3
b@@a@@d@@g@@o@@j@@a	3
b@@a@@d@@-eu@@n@@a	3
b@@a@@d@@-eu@@l@@il@@a	3
b@@a@@d@@-eu@@l@@a	3
b@@a@@d@@-@@a@@s@@s@@n@@eu@@n@@il@@a	3
a@@n@@s@@i@@g@@-@@il@@-@@i	3
a@@n@@s@@i@@g	3
a@@n@@i@@ha@@s@@i@@n@@i	3
a@@n@@i@@ha@@m@@y@@eo	3
a@@n@@i@@ha@@m@@eu@@l@@o	3
a@@n@@h@@d@@o@@l@@o@@g	3
a@@n@@a@@e@@g@@a	3
a@@m@@u@@d@@eu@@n@@j@@i	3
a@@j@@i@@g@@d@@o	3
a@@i@@d@@eu@@l@@-eu@@l	3
a@@g@@-eu@@l	3
a@@b@@i@@g@@a	3
a@@b@@i@@e@@g@@e	3
a@@b@@eo@@j@@i@@u@@i	3
a@@b@@eo@@j@@i@@k@@k@@e@@s@@eo	3
a@@b@@eo@@j@@i@@k@@k@@e	3
a@@b@@eo@@j@@i	3
y@@u@@w@@o@@l@@j@@eo@@l	2
y@@u@@l@@b@@eo@@b@@s@@a@@y@@eo	2
y@@u@@l@@b@@eo@@b@@s@@a@@g@@a	2
y@@u@@l@@b@@eo@@b@@g@@w@@a	2
y@@u@@ha@@m@@y@@eo	2
y@@u@@g@@s@@i@@b@@b@@a@@e@@w@@a	2
y@@o@@s@@e@@-@@u@@i	2
y@@o@@n@@g@@s@@eo@@ha@@d@@o@@l@@o@@g	2
y@@o@@n@@g@@n@@a@@b@@ha@@g@@o	2
y@@o@@n@@a@@u@@i	2
y@@o@@ha@@n@@-@@il@@a	2
y@@o@@ha@@n@@-@@e	2
y@@o@@g@@u@@ha@@l@@i@@y@@o	2
y@@o@@g@@ha@@d@@eo@@l@@a	2
y@@o@@d@@a@@n@@g@@a@@n@@g@@-@@e@@s@@eo	2
y@@o@@d@@a@@n@@g@@a@@n@@g	2
y@@eo@@n@@g@@j@@eo@@b@@j@@i	2
y@@eo@@n@@g@@h@@o@@n@@-eu@@l	2
y@@eo@@n@@g@@-@@g@@w@@a@@n@@g@@-eu@@l@@o	2
y@@eo@@m@@l@@y@@eo@@c@@h@@i	2
y@@eo@@j@@j@@a@@w@@a	2
y@@eo@@j@@j@@a@@o@@n@@d@@a@@e	2
y@@eo@@j@@a@@u@@i	2
y@@eo@@j@@a@@-@@e@@g@@e	2
y@@eo@@g@@i@@s@@eo	2
y@@eo@@g@@i@@m@@eu@@l@@o	2
y@@e@@s@@u@@y@@eo	2
y@@e@@s@@u@@l@@a	2
y@@e@@s@@u@@e@@g@@e	2
y@@e@@l@@u@@s@@a@@l@@l@@e@@m@@-@@u@@i	2
y@@e@@b@@i@@ha@@n@@il@@a	2
y@@e@@b@@i@@ha@@n	2
y@@e@@b@@i@@ha@@g@@il@@eu@@l	2
y@@a@@n@@g@@-eu@@l	2
y@@a@@n@@g	2
y@@a@@il@@o@@l@@a	2
y@@a@@g@@o@@b@@o@@u@@i	2
w@@o@@n@@ha@@s@@i@@m@@y@@eo@@n	2
w@@o@@n@@ha@@n@@o@@n@@i	2
w@@o@@n@@ha@@n@@eu@@n@@y@@a	2
w@@o@@n@@c@@h@@i	2
w@@il@@o@@l@@eu@@l	2
w@@il@@o@@b@@u@@t@@eo	2
w@@il@@eu@@l	2
w@@a@@n@@g@@-@@il@@a	2
w@@a@@n@@g@@-@@i@@y@@eo	2
w@@a@@n@@g@@-@@i@@n@@y@@a	2
w@@a@@n@@-@@a@@g@@ha@@m@@-eu@@l	2
u@@l@@j@@i	2
u@@l@@il@@o	2
u@@l@@d@@eo@@l@@a	2
u@@i@@w@@o@@n@@-@@i	2
u@@i@@n@@o@@n@@ha@@n@@il@@a	2
u@@i@@n@@o@@n@@ha@@n@@eu@@n@@y@@a	2
u@@i@@n@@o@@n@@ha@@g@@il@@eu@@l	2
u@@i@@n@@o@@n@@-eu@@l	2
t@@t@@w@@i@@eo	2
t@@t@@eu@@s@@d@@a@@e@@l@@o	2
t@@t@@eu@@s@@-@@il@@a	2
t@@t@@eu@@l	2
t@@t@@eo@@n@@a@@s@@a	2
t@@t@@eo@@n@@a@@l	2
t@@t@@eo@@n@@a@@g@@o	2
t@@t@@eo@@l@@-@@eo@@j@@i@@n@@eu@@n	2
t@@t@@eo@@g@@-@@i	2
t@@t@@a@@n@@g@@-@@e@@s@@eo	2
t@@t@@a@@l@@eu@@n@@eu@@n	2
t@@t@@a@@l@@-eu@@l	2
t@@t@@a@@l@@-@@a	2
t@@t@@a@@e@@w@@a	2
t@@t@@a@@e@@l@@i@@m@@y@@eo	2
t@@t@@a@@e@@k@@k@@a@@j@@i	2
t@@t@@a@@e@@e@@l@@n@@eu@@n@@j@@i	2
t@@a@@n@@s@@i@@g@@ha@@s@@i@@m@@y@@eo	2
t@@a@@g@@u@@g@@-@@e	2
t@@a@@g@@l@@y@@u@@g@@a	2
t@@a@@e@@g@@ha@@m@@-eu@@l	2
s@@u@@m@@a@@n	2
s@@u@@m@@-eu@@n	2
s@@u@@j@@o@@n@@g@@d@@eu@@n@@il@@a	2
s@@s@@eu@@s@@i@@g@@e@@s@@s@@d@@a	2
s@@s@@eu@@n	2
s@@s@@eu@@l@@d@@e@@eo@@b@@s@@g@@o	2
s@@s@@eu@@l@@d@@e	2
s@@s@@a@@h@@-eu@@n	2
s@@o@@y@@u@@u@@i	2
s@@o@@y@@u@@l@@eu@@l	2
s@@o@@s@@i@@g@@-eu@@l	2
s@@o@@n@@n@@i@@m@@d@@eu@@l@@-@@i	2
s@@o@@n@@g@@w@@a	2
s@@o@@l@@l@@o@@m@@o@@n@@-@@u@@i	2
s@@o@@g@@eu@@m@@-@@i	2
s@@o@@c@@h@@u@@l	2
s@@i@@n@@p@@o@@d@@o@@j@@u@@l@@eu@@l	2
s@@i@@n@@l@@a@@n@@g@@-eu@@l	2
s@@i@@m@@o@@n@@-@@i	2
s@@i@@m@@-eu@@n	2
s@@i@@j@@i@@b@@d@@o	2
s@@i@@j@@i@@b	2
s@@i@@j@@a@@n@@g@@ha@@l	2
s@@i@@j@@a@@n@@g@@-@@e@@s@@eo	2
s@@i@@j@@a@@g@@ha@@y@@eo	2
s@@i@@g@@o@@l@@l@@o@@s@@eo	2
s@@i@@b@@-@@il@@j@@o@@l@@eu@@l	2
s@@eu@@l@@p@@eu@@n	2
s@@eo@@s@@s@@d@@eo@@n	2
s@@eo@@n@@s@@a@@e@@n@@g@@-eu@@l	2
s@@eo@@n@@j@@i@@j@@a@@u@@i	2
s@@eo@@n@@j@@i@@j@@a@@l@@o	2
s@@eo@@n@@j@@i@@j@@a@@g@@a	2
s@@eo@@n@@j@@i@@j@@a@@d@@eu@@l@@-@@u@@i	2
s@@eo@@n@@ha@@d@@a	2
s@@eo@@n@@g@@n@@a@@e@@l@@o	2
s@@eo@@n@@g@@n@@a@@e	2
s@@eo@@n@@g@@l@@y@@eo@@n@@g@@-eu@@l	2
s@@eo@@n@@g@@l@@y@@eo@@n@@g@@-@@u@@i	2
s@@eo@@n@@g@@-@@g@@y@@eo@@n@@g@@-@@e	2
s@@eo@@n@@d@@a@@e@@ha@@m@@y@@eo	2
s@@eo@@m@@g@@i@@l	2
s@@eo@@g@@i@@g@@w@@a@@n	2
s@@e@@s@@-eu@@l	2
s@@e@@l@@o	2
s@@e@@g@@w@@a@@n@@-@@e	2
s@@e@@d@@a@@e@@y@@eo	2
s@@e@@d@@a@@e@@e@@g@@e	2
s@@e@@d@@a@@e	2
s@@e@@b@@eo@@n@@j@@j@@a@@e	2
s@@e@@b@@eo@@n	2
s@@e@@b@@e@@d@@a@@eu@@i	2
s@@e@@-@@u@@s@@i@@g@@o	2
s@@e	2
s@@a@@s@@s@@-eu@@m@@a@@e	2
s@@a@@n@@g@@s@@o@@g@@j@@a@@n@@i	2
s@@a@@n@@g@@ha@@g@@e	2
s@@a@@n@@g@@-eu@@l	2
s@@a@@n@@g@@-@@i	2
s@@a@@n@@g	2
s@@a@@n@@d@@eu@@l@@-eu@@l	2
s@@a@@n@@-eu@@l@@o	2
s@@a@@m@@s@@i@@b@@b@@a@@e@@w@@a	2
s@@a@@m@@k@@i@@m@@y@@eo	2
s@@a@@m@@g@@a	2
s@@a@@l@@l@@o@@m@@e@@g@@a	2
s@@a@@l@@a@@n@@g@@ha@@g@@o	2
s@@a@@l@@a@@m@@m@@a@@d@@a	2
s@@a@@l@@a@@m@@g@@w@@a	2
s@@a@@l@@a@@m@@b@@o@@d@@a	2
s@@a@@l@@a@@m@@-@@i@@n@@y@@a	2
s@@a@@l@@a@@m@@-@@i@@n@@i	2
s@@a@@l@@a@@m@@-@@i@@n	2
s@@a@@l@@a@@m@@-@@e@@g@@e@@n@@eu@@n	2
s@@a@@l@@a@@m@@-@@e@@g@@e@@l@@o@@s@@eo@@l@@a	2
s@@a@@l@@-@@i@@n@@ha@@j@@i	2
s@@a@@l@@-@@a@@n@@a@@n@@d@@a@@n@@eu@@n	2
s@@a@@j@@a@@l@@eu@@l	2
s@@a@@j@@a@@d@@eu@@l	2
s@@a@@i@@e	2
s@@a@@ha@@y@@eo	2
s@@a@@ha@@n@@eu@@n	2
s@@a@@g@@o	2
s@@a@@g@@a@@l@@y@@a@@g@@a	2
s@@a@@e@@n@@g@@m@@y@@eo@@n@@g@@-eu@@l	2
s@@a@@e@@n@@g@@-@@g@@a@@g@@j@@i	2
s@@a@@e@@n@@g@@-@@g@@a@@g@@ha@@l@@a	2
s@@a@@e@@n@@g@@-@@g@@a@@g@@ha@@g@@o	2
s@@a@@e@@n@@g@@-@@g@@a@@g@@-eu@@l	2
s@@a@@e@@d@@eu@@l@@-@@i	2
s@@a@@e@@b@@y@@eo@@g@@-@@e	2
s@@a@@b@@a@@n@@g@@-@@e@@s@@eo	2
p@@y@@eo@@n@@g@@s@@a@@n@@g	2
p@@u@@n@@g@@j@@o@@g@@ha@@n	2
p@@u@@l@@-@@eo	2
p@@p@@u@@l@@i@@w@@o@@s@@s@@d@@a@@n@@eu@@n	2
p@@p@@u@@l@@i@@g@@a	2
p@@p@@a@@e@@a@@s@@n@@eu@@n	2
p@@p@@a@@e@@a@@s@@g@@il@@il@@a	2
p@@o@@d@@o@@j@@u@@g@@a	2
p@@a@@n@@g@@y@@eo@@l@@-@@i	2
p@@a@@n	2
p@@a@@l@@-@@il@@-@@i	2
p@@a@@l	2
o@@s@@i@@n@@eu@@n	2
o@@s@@i@@m@@-eu@@l	2
o@@s@@i@@l	2
o@@s@@-@@i	2
o@@s@@-@@e@@s@@eo	2
o@@n@@j@@eo@@n@@ha@@y@@eo	2
o@@n@@j@@eo@@n@@h@@i	2
o@@n@@g@@-@@w@@i@@ha@@y@@eo	2
o@@n@@eu@@l@@n@@a@@l	2
o@@l@@y@@eo@@g@@eo@@d@@eu@@n	2
o@@l@@h@@s@@o@@i@@d@@a	2
o@@l@@h@@d@@a	2
o@@l@@h@@-eu@@n@@y@@a	2
o@@l@@eu@@s@@a	2
o@@l@@a	2
o@@g@@-@@e	2
o@@e@@s@@i@@g@@-eu@@l@@o	2
o@@e@@m@@o@@l@@o	2
n@@u@@n@@-@@e	2
n@@u@@n	2
n@@u@@l@@u@@g@@g@@w@@a	2
n@@u@@g@@u@@n@@j@@i	2
n@@u@@g@@u@@l@@a@@g@@o	2
n@@o@@p@@-eu@@s@@i@@n	2
n@@o@@n@@g@@b@@u@@d@@eu@@l@@-eu@@l	2
n@@o@@l@@l@@a@@n@@eu@@n@@j@@il@@a	2
n@@o@@j@@u@@n@@g@@-@@e@@s@@eo	2
n@@o@@h@@-@@a	2
n@@i@@n@@eu@@w@@e	2
n@@eu@@n@@g@@l@@y@@eo@@g@@g@@w@@a	2
n@@eu@@n@@g@@l@@y@@eo@@g@@-eu@@l	2
n@@eu@@n@@g@@ha@@n	2
n@@eo@@l@@l@@i	2
n@@eo@@h@@u@@i@@e@@g@@e@@n@@eu@@n	2
n@@eo@@h@@u@@i@@b@@o@@d@@a	2
n@@a@@w@@a@@s@@s@@n@@eu@@n@@y@@a	2
n@@a@@t@@a@@n@@a@@n@@eu@@n	2
n@@a@@t@@a@@n@@a	2
n@@a@@s@@a@@l@@e@@s@@-@@e	2
n@@a@@o@@n@@eu@@n	2
n@@a@@o@@n	2
n@@a@@o@@l@@a	2
n@@a@@n@@l@@i@@w@@a	2
n@@a@@m@@-eu@@l	2
n@@a@@l@@o	2
n@@a@@l@@d@@eu@@l@@-eu@@l	2
n@@a@@l@@a@@-@@e@@s@@eo	2
n@@a@@j@@i	2
n@@a@@i	2
n@@a@@g@@a@@s@@il@@s@@a@@e	2
n@@a@@g@@a@@s@@i@@l	2
n@@a@@g@@a@@n@@il@@a	2
n@@a@@e@@m@@il@@l@@a	2
n@@a@@e@@m@@il@@-@@eo	2
n@@a@@e@@l@@y@@eo@@o@@s@@a	2
n@@a@@e@@l@@i@@d@@a@@l@@-@@a	2
n@@a@@e@@g@@e@@s@@eo	2
n@@a@@a@@g@@a	2
n@@a@@-eu@@l@@il@@a	2
m@@y@@eo@@n@@g@@ha@@s@@a	2
m@@y@@eo@@n@@g@@ha@@m@@a@@e	2
m@@y@@eo@@n@@g@@-@@i	2
m@@y@@eo@@c@@h@@-eu@@l	2
m@@u@@s@@eo@@w@@o@@ha@@y@@eo	2
m@@u@@s@@-@@s@@a@@l@@a@@m@@-@@i	2
m@@u@@n@@d@@u@@n@@g@@b@@y@@eo@@n@@g@@-@@i	2
m@@u@@n@@d@@eu@@g	2
m@@u@@n@@-@@a@@n	2
m@@u@@l@@g@@o@@g@@i	2
m@@u@@l@@-eu@@l@@i@@n@@i	2
m@@u@@l@@-@@i	2
m@@u@@j@@a@@n@@g@@-eu@@l	2
m@@u@@g@@-eu@@n	2
m@@u@@eo@@s@@-@@i@@n@@y@@o	2
m@@u@@d@@j@@a@@o@@n@@d@@a@@e	2
m@@u@@d@@g@@i@@d@@o	2
m@@u@@d@@g@@eo@@d@@eu@@n	2
m@@u@@d@@eo@@m@@-@@e@@s@@eo	2
m@@o@@t@@u@@n@@g@@-@@i@@u@@i	2
m@@o@@s@@ha@@y@@eo@@s@@s@@n@@eu@@n@@y@@a	2
m@@o@@s@@ha@@n@@j@@il@@a	2
m@@o@@s@@ha@@n@@eu@@n@@il@@a	2
m@@o@@s@@ha@@m@@y@@eo	2
m@@o@@s@@ha@@m@@-@@il@@a	2
m@@o@@s@@ha@@d@@eo@@i@@d@@a	2
m@@o@@s@@e@@w@@a	2
m@@o@@s@@e@@l@@eu@@l	2
m@@o@@s@@d@@o@@e@@n	2
m@@o@@l@@s@@a@@ha@@g@@eo@@n@@eu@@l	2
m@@o@@g@@-eu@@l	2
m@@o@@g@@-@@e	2
m@@o@@a	2
m@@il@@b@@a@@t	2
m@@i@@n@@j@@o@@g@@-eu@@l	2
m@@i@@n@@j@@o@@g@@-@@i	2
m@@i@@n@@eu@@n	2
m@@i@@h@@o@@g@@-eu@@l	2
m@@i@@d@@g@@o	2
m@@i@@d@@g@@i@@m@@a@@n	2
m@@i@@d@@-eu@@m@@-eu@@l	2
m@@i@@d@@-eu@@m	2
m@@i@@d@@-eu@@l@@a	2
m@@eu@@n@@a@@l@@o	2
m@@eo@@l@@l@@i@@s@@eo	2
m@@eo@@l@@l@@i	2
m@@eo@@l@@j@@i	2
m@@eo@@l@@i@@s@@d@@o@@l@@-@@i	2
m@@eo@@l@@i@@e	2
m@@eo@@g@@g@@e	2
m@@eo@@g@@-eu@@l@@k@@k@@a	2
m@@a@@s@@i@@m@@y@@eo	2
m@@a@@s@@i@@g@@il@@eu@@l	2
m@@a@@s@@-eu@@l	2
m@@a@@n@@n@@a@@s@@eo	2
m@@a@@n@@n@@a@@l@@i@@n@@i	2
m@@a@@n@@j@@y@@eo@@j@@u@@s@@i@@m@@-eu@@l	2
m@@a@@n@@d@@eu@@l@@j@@i	2
m@@a@@l@@s@@s@@eu@@m@@ha@@s@@i@@g@@o	2
m@@a@@l@@s@@s@@eu@@m@@-@@e	2
m@@a@@l@@s@@s@@eu@@m	2
m@@a@@l@@i	2
m@@a@@l@@ha@@l@@a	2
m@@a@@l@@ha@@l	2
m@@a@@l@@d@@o	2
m@@a@@l@@-eu@@n	2
m@@a@@j@@d@@o@@l@@o@@g	2
m@@a@@j@@-eu@@l	2
m@@a@@e@@u	2
m@@a@@e@@j@@n@@eu@@n	2
m@@a@@d@@-@@i	2
m@@a@@c@@h@@i@@s@@i@@n	2
m@@a@@c@@h@@i	2
l@@o@@s@@-@@u@@i	2
l@@e@@w@@i@@g@@a	2
l@@e@@b@@d@@o@@n	2
l@@a@@b@@b@@i@@y@@eo	2
k@@y@@eo@@s@@eo	2
k@@k@@u@@j@@i@@j@@g@@eo@@n@@eu@@l	2
k@@k@@u@@j@@i@@j@@-eu@@s@@i@@n@@i	2
k@@k@@u@@j@@i@@j@@-eu@@s@@i@@g@@o	2
k@@k@@eu@@t@@-eu@@n	2
k@@k@@eu@@l@@-@@eo@@d@@a@@g@@a	2
k@@il@@eu@@l	2
j@@u@@w@@a	2
j@@u@@s@@o@@s@@eo	2
j@@u@@s@@i@@n@@i	2
j@@u@@s@@i@@n	2
j@@u@@s@@i@@m@@y@@eo	2
j@@u@@s@@i@@j@@i	2
j@@u@@s@@i@@g@@o	2
j@@u@@n@@g@@p@@u@@n@@g@@b@@y@@eo@@n@@g@@j@@a@@l@@eu@@l	2
j@@u@@n@@g@@p@@u@@n@@g@@b@@y@@eo@@n@@g@@j@@a@@-@@e@@g@@e	2
j@@u@@n@@g@@ha@@l@@il@@a	2
j@@u@@n@@g@@-@@e@@n@@eu@@n	2
j@@u@@m@@eo@@n@@i@@n@@a	2
j@@u@@l@@y@@eo	2
j@@u@@g@@il@@o	2
j@@u@@g@@g@@o	2
j@@u@@g@@a	2
j@@u@@g@@-@@il@@k@@k@@o	2
j@@u@@g@@-@@i@@n	2
j@@u@@g@@-@@i@@m@@-eu@@l	2
j@@u@@g@@-@@i@@l	2
j@@u@@eo@@s@@s@@-eu@@n@@i	2
j@@u@@eo@@s@@s@@-eu@@n@@a	2
j@@u@@-@@i@@n@@-@@i@@y@@eo	2
j@@u@@-@@i@@n@@-@@i@@n@@il@@a	2
j@@o@@s@@i@@m@@ha@@l@@a	2
j@@o@@s@@a@@n@@g	2
j@@o@@n@@g@@d@@eu@@l@@-eu@@n	2
j@@o@@n@@g@@d@@eu@@l@@-@@u@@i	2
j@@o@@n@@g@@-eu@@n	2
j@@o@@n@@g@@-@@e@@g@@e	2
j@@o@@h@@s@@a@@o@@n@@i	2
j@@o@@g@@a@@g@@-eu@@l	2
j@@o@@e@@s@@a@@ha@@m@@-eu@@l	2
j@@o@@e@@i@@n@@g@@w@@a	2
j@@o@@e@@i@@n@@d@@eu@@l@@d@@o	2
j@@o@@e@@i@@n@@d@@eu@@l@@-@@i	2
j@@o@@e@@i@@n@@-@@u@@i	2
j@@o@@e@@g@@a	2
j@@o@@c@@h@@n@@eu@@n	2
j@@o@@c@@h@@-eu@@l	2
j@@o@@c@@h@@-@@a@@s@@s@@n@@a@@i@@d@@a	2
j@@j@@o@@c@@h@@n@@eu@@n	2
j@@j@@o@@c@@h@@-@@a@@n@@a@@e@@n@@d@@a	2
j@@j@@i@@g@@-@@eo	2
j@@j@@a@@g@@e	2
j@@il@@l@@eo	2
j@@i@@u@@g@@o	2
j@@i@@n@@m@@y@@eo@@l@@ha@@g@@o	2
j@@i@@n@@g@@j@@o@@g@@a	2
j@@i@@n@@a@@g@@a@@s@@il@@s@@a@@e	2
j@@i@@n@@a@@g@@a@@g@@i	2
j@@i@@n@@a@@e@@n@@eu@@n	2
j@@i@@k@@i@@n@@eu@@n	2
j@@i@@k@@i@@eo@@s@@s@@n@@a@@i@@d@@a	2
j@@i@@h@@y@@e@@g@@a	2
j@@i@@h@@y@@e	2
j@@i@@g@@y@@eo@@n@@g@@-@@e@@s@@eo	2
j@@i@@g@@o	2
j@@i@@eu@@n	2
j@@i@@b@@u@@n@@g	2
j@@i@@b@@-eu@@n	2
j@@i@@b@@-@@i@@n@@a	2
j@@i	2
j@@eu@@n@@g@@-@@g@@eo@@ha@@j@@i	2
j@@eu@@n@@g@@-@@g@@eo@@g@@a	2
j@@eu@@l@@g@@eo@@w@@o	2
j@@eu@@eu@@m@@-@@e	2
j@@eo@@n@@p@@a@@ha@@l@@a	2
j@@eo@@n@@g@@s@@i@@n@@-@@i	2
j@@eo@@n@@g@@j@@o@@e@@l@@eu@@l	2
j@@eo@@n@@g@@j@@o@@e@@ha@@l@@i@@n@@i	2
j@@eo@@n@@g@@a@@l@@-eu@@l	2
j@@eo@@m@@u@@l	2
j@@eo@@j@@m@@eo@@g@@-@@i@@n@@eu@@n	2
j@@eo@@g@@i	2
j@@eo@@g@@-eu@@n	2
j@@eo@@b@@o@@d@@a	2
j@@e@@s@@a@@j@@a@@n@@g	2
j@@e@@j@@a@@u@@i	2
j@@e@@g@@e	2
j@@a@@s@@o@@n@@-@@il@@a	2
j@@a@@s@@o@@n@@-@@i@@y@@eo	2
j@@a@@s@@o@@n	2
j@@a@@s@@a@@e@@g	2
j@@a@@n@@y@@eo@@l@@eu@@l	2
j@@a@@n@@j@@a@@n@@ha@@y@@eo@@j@@i@@d@@eo@@l@@a	2
j@@a@@n@@g@@s@@a@@ha@@n	2
j@@a@@n@@g@@s@@a@@ha@@g@@e	2
j@@a@@n@@g@@m@@o@@g@@a	2
j@@a@@n@@g@@l@@o@@d@@eu@@l@@-@@e@@g@@e	2
j@@a@@n@@g@@-@@g@@a@@d@@o	2
j@@a@@n@@g@@-@@g@@a	2
j@@a@@n@@eu@@n@@y@@a	2
j@@a@@l@@o@@s@@eo	2
j@@a@@l@@o	2
j@@a@@l@@a@@m@@y@@eo	2
j@@a@@j@@u	2
j@@a@@g@@i@@d@@o	2
j@@a@@g@@i@@d@@eu@@l@@-@@e@@g@@e	2
j@@a@@e@@s@@a@@n@@-eu@@l	2
j@@a@@e@@p@@a@@n@@j@@a@@n@@g@@-@@i	2
j@@a@@e@@m@@u@@l@@-eu@@l	2
j@@a@@e@@m@@u@@l@@-@@i	2
j@@a@@d@@eu@@l@@l@@o	2
j@@a@@d@@eu@@l@@d@@o	2
j@@a@@d@@eu@@l@@-@@e@@g@@e@@n@@eu@@n	2
j@@a@@b@@-eu@@l@@eo	2
il@@u@@l@@y@@eo	2
il@@u@@l@@il@@a	2
il@@u@@eo@@j@@y@@eo@@y@@a	2
il@@k@@eo@@d@@n@@eu@@n@@y@@a	2
il@@i	2
il@@g@@u@@n@@-@@i	2
il@@g@@j@@i	2
il@@eu@@l@@i@@n@@i	2
il@@a	2
il@@-eu@@k@@i@@s@@i@@n@@i	2
il@@-@@eo@@n@@a@@g@@e@@s@@s@@g@@o	2
i@@t@@eu@@d@@n@@a@@l	2
i@@s@@s@@n@@eu@@n@@y@@o	2
i@@s@@s@@j@@i	2
i@@s@@s@@g@@o	2
i@@s@@s@@g@@il@@eu@@l	2
i@@s@@s@@g@@e@@s@@s@@g@@o	2
i@@s@@s@@-eu@@l@@i@@n@@i	2
i@@s@@s@@-eu@@l@@i@@i@@k@@k@@a	2
i@@s@@s@@-@@eo@@s@@s@@n@@eu@@n@@il@@a	2
i@@s@@s@@-@@eo@@s@@s@@n@@eu@@n@@d@@e	2
i@@s@@s@@-@@eo@@s@@eo	2
i@@s@@s@@-@@eo@@d@@o	2
i@@s@@eu@@l@@a@@-@@e@@l@@-@@u@@i	2
i@@s@@a@@g@@-eu@@l	2
i@@s@@a@@g@@-@@u@@i	2
i@@n@@n@@a@@e@@l@@o	2
i@@n@@j@@a@@d@@o	2
i@@m@@ha@@y@@eo	2
i@@g@@eo@@s@@d@@o	2
i@@g@@eo@@s@@-@@i@@n@@i	2
i@@d@@eu@@l@@-eu@@n	2
i@@d@@eu@@l@@-@@i	2
i@@b@@h@@i@@g@@o	2
i@@b@@-@@eo@@s@@s@@n@@o@@l@@a	2
ha@@y@@eo@@s@@s@@d@@eo@@n@@i	2
ha@@y@@eo@@s@@s@@d@@eo@@l@@a	2
ha@@y@@eo@@s@@s@@-eu@@d@@o@@e	2
ha@@s@@i@@m@@y@@eo	2
ha@@s@@i@@m@@-@@i@@n@@i@@i@@k@@k@@a	2
ha@@s@@i@@m@@-@@i	2
ha@@s@@i@@d@@o@@e	2
ha@@s@@i@@d@@eo@@n	2
ha@@s@@a@@i@@d@@a	2
ha@@n@@o@@l@@a	2
ha@@n@@g@@a@@u@@n@@d@@e	2
ha@@n@@eu@@n@@y@@o	2
ha@@n@@eu@@n@@il@@a	2
ha@@n@@eu@@l@@l@@o@@s@@eo@@l@@a	2
ha@@n@@eu@@l@@l@@o	2
ha@@n@@eu@@l@@-@@i	2
ha@@n@@eu@@l	2
ha@@n@@d@@a@@e	2
ha@@n@@a@@s@@s@@i@@g	2
ha@@n@@a@@n@@i@@m@@-@@i@@y@@eo	2
ha@@n@@a@@n@@i@@m@@-@@i@@s@@il@@a	2
ha@@m@@-@@il@@a	2
ha@@m@@-@@i	2
ha@@l@@k@@k@@a	2
ha@@l@@i@@y@@o	2
ha@@l@@i@@n@@i	2
ha@@g@@e@@s@@s@@n@@eu@@n@@y@@o	2
ha@@e@@n@@g@@ha@@g@@o	2
ha@@e@@n@@g@@-@@a@@g@@j@@a@@d@@o	2
ha@@e@@l@@eu@@l	2
ha@@e@@g@@a	2
ha@@d@@eo@@n	2
ha@@b@@d@@a@@n@@g@@c@@h@@i	2
h@@y@@eo@@n@@g@@j@@e@@l@@eu@@l	2
h@@y@@eo@@l@@l@@u@@j@@eu@@n@@g@@-eu@@l@@o	2
h@@y@@a@@n@@g@@p@@u@@m@@-eu@@l	2
h@@y@@a@@n@@g@@-@@y@@u	2
h@@o@@s@@u@@s@@g@@a@@-@@e	2
h@@o@@s@@u@@e	2
h@@o@@s@@a@@n@@n@@a	2
h@@o@@n@@-@@i@@n@@j@@i@@b	2
h@@o@@l@@l@@o	2
h@@o@@e@@d@@a@@n@@g@@-@@g@@w@@a	2
h@@eu@@l@@g@@-@@i	2
h@@eo@@c@@h@@i	2
h@@e@@l@@o@@s@@-@@u@@i	2
h@@e@@l@@o@@s	2
h@@e@@a@@l@@i@@n@@eu@@n	2
h@@e@@a@@l@@i@@m@@-eu@@l@@o	2
h@@e@@a@@l@@i@@m@@-eu@@l	2
g@@y@@u@@l@@y@@e@@d@@a@@e@@l@@o	2
g@@y@@eo@@t@@-@@e@@s@@eo	2
g@@y@@eo@@n@@g@@-@@g@@y@@e@@ha@@s@@i@@d@@o@@e	2
g@@y@@eo@@n@@d@@i@@g@@i	2
g@@y@@eo@@l@@s@@il@@c@@h@@i	2
g@@y@@eo@@l@@s@@il@@-eu@@l	2
g@@y@@e@@s@@i@@j@@i	2
g@@w@@o@@n@@s@@e@@w@@a	2
g@@w@@o@@n@@s@@e@@g@@a	2
g@@w@@i@@s@@i@@n@@d@@eu@@l@@-eu@@l	2
g@@w@@i@@s@@i@@n@@-@@u@@i	2
g@@w@@i@@g@@a	2
g@@w@@i@@e	2
g@@w@@a@@n@@g@@p@@u@@n@@g@@-@@i	2
g@@w@@a@@n@@g@@c@@ha@@e@@g@@a	2
g@@w@@a@@n@@g@@-@@y@@a@@-@@e@@s@@eo	2
g@@w@@a@@n@@g@@-@@y@@a@@-@@e	2
g@@u@@w@@o@@n	2
g@@u@@s@@i@@k@@k@@a@@j@@i	2
g@@u@@n@@b@@y@@eo@@n@@g@@d@@eu@@l@@d@@o	2
g@@u@@l@@l@@y@@eo	2
g@@u@@l@@e@@n@@e	2
g@@u@@ha@@y@@eo	2
g@@u@@ha@@n@@i	2
g@@u@@ha@@l@@a	2
g@@u@@ha@@d@@o@@e	2
g@@o@@s@@-eu@@l@@o	2
g@@o@@s@@-@@e@@n@@eu@@n	2
g@@o@@n@@g@@j@@u@@n@@g@@-@@u@@i	2
g@@o@@n@@g@@h@@o@@e@@l@@o	2
g@@o@@n@@g@@-@@g@@y@@eo@@n@@g@@ha@@l@@il@@a	2
g@@o@@n@@g@@-@@g@@y@@eo@@n@@g@@ha@@l@@a	2
g@@o@@ha@@m@@a@@e	2
g@@o@@g@@il@@eu@@l	2
g@@o@@c@@h@@i@@s@@i@@n@@eu@@n@@g@@a	2
g@@o@@c@@h@@i@@n@@eu@@n	2
g@@o@@c@@h@@i@@d@@eo@@l@@a	2
g@@o	2
g@@il@@g@@e	2
g@@i@@u@@n@@-eu@@l	2
g@@i@@t@@a	2
g@@i@@p@@p@@eu@@m@@-eu@@l@@o	2
g@@i@@p@@p@@eo@@ha@@y@@eo	2
g@@i@@p@@-@@i	2
g@@i@@d@@o@@ha@@y@@eo	2
g@@i@@d@@o@@ha@@s@@il@@eo	2
g@@i@@d@@o@@ha@@n@@eu@@n	2
g@@i@@d@@o	2
g@@eu@@n@@il@@a	2
g@@eu@@n@@g@@h@@y@@u@@l@@h@@i	2
g@@eu@@m@@s@@i@@g@@ha@@g@@o	2
g@@eu@@m@@ha@@y@@eo@@s@@s@@n@@a@@i@@d@@a	2
g@@eu@@l@@i@@s@@eu@@d@@o@@l@@eu@@l	2
g@@eu@@l@@eo@@n@@d@@e	2
g@@eu@@l@@eo@@ha@@l@@il@@a	2
g@@eu@@l@@-@@e	2
g@@eu@@g@@eo@@s@@-@@i	2
g@@eu@@e@@g@@e@@l@@o	2
g@@eu@@d@@eu@@l@@l@@o	2
g@@eu@@d@@eu@@l@@-@@i	2
g@@eo@@u@@i	2
g@@eo@@s@@b@@o@@d@@a	2
g@@eo@@s@@-@@il@@o@@d@@o@@e	2
g@@eo@@s@@-@@e@@d@@o	2
g@@eo@@n@@n@@eo@@p@@y@@eo@@n@@-eu@@l@@o	2
g@@eo@@n@@n@@eo@@g@@a@@j@@a	2
g@@eo@@n@@g@@a@@n@@g@@ha@@n	2
g@@eo@@n@@c@@h@@u@@g@@j@@a@@d@@eu@@l@@-@@u@@i	2
g@@eo@@l@@c@@h@@y@@eo	2
g@@eo@@g@@il@@eu@@l	2
g@@eo@@g@@i@@n@@eu@@n	2
g@@a@@t@@g@@o	2
g@@a@@t@@-eu@@n@@il@@a	2
g@@a@@s@@i@@n@@a@@m@@u@@t@@t@@eo@@l@@g@@i@@e	2
g@@a@@s@@i@@g@@a	2
g@@a@@s@@i@@d@@eo@@l@@a	2
g@@a@@s@@i	2
g@@a@@s@@a@@n@@-eu@@l	2
g@@a@@p@@-eu@@l	2
g@@a@@n@@i	2
g@@a@@n@@g@@u@@ha@@n@@i	2
g@@a@@n@@g@@d@@o@@l@@eu@@l	2
g@@a@@n@@-eu@@m@@ha@@j@@i	2
g@@a@@m@@s@@a@@ha@@n@@a@@i@@d@@a	2
g@@a@@m@@l@@a@@m@@s@@a@@n@@-@@e@@s@@eo	2
g@@a@@m@@h@@i	2
g@@a@@m@@c@@h@@u@@-@@i@@n	2
g@@a@@m@@a@@n	2
g@@a@@l@@l@@il@@l@@il@@o	2
g@@a@@l@@i@@u@@g@@o	2
g@@a@@l@@i@@k@@y@@eo	2
g@@a@@l@@eu@@c@@h@@i@@s@@il@@s@@a@@e	2
g@@a@@l@@eu@@c@@h@@i@@s@@i@@m@@y@@eo	2
g@@a@@l@@eu@@c@@h@@i@@s@@i@@l	2
g@@a@@l@@eu@@c@@h@@i@@s@@i@@d@@o@@e	2
g@@a@@l@@eu@@c@@h@@i@@s@@i@@d@@eo@@n@@i	2
g@@a@@j@@d@@a	2
g@@a@@j@@a@@n@@g	2
g@@a@@j@@a	2
g@@a@@e@@w@@a	2
g@@a@@e@@l@@eu@@l	2
g@@a@@d@@eu@@g@@ha@@g@@e	2
g@@a@@d@@eo@@n@@i	2
g@@a	2
eu@@m@@s@@i@@g	2
eo@@l@@y@@eo@@u@@n@@j@@i	2
eo@@l@@y@@eo@@s@@eo@@b@@u@@t@@eo	2
eo@@l@@m@@a@@l@@eu@@l	2
eo@@l@@i@@s@@eo@@g@@-eu@@n	2
eo@@l@@g@@u@@l@@-eu@@l	2
eo@@d@@u@@u@@n	2
eo@@d@@u@@u@@m@@-@@i	2
eo@@d@@il@@o	2
eo@@d@@i@@s@@eo@@d@@eu@@n@@j@@i	2
eo@@d@@i	2
eo@@d@@g@@e	2
eo@@d@@-@@eo@@s@@s@@n@@eu@@n@@il@@a	2
eo@@b@@s@@n@@eu@@n@@y@@a	2
eo@@b@@s@@-eu@@l@@il@@a	2
eo@@b@@s@@-eu@@l	2
eo@@b@@s@@-@@eo@@j@@i@@j@@i	2
eo@@b@@s@@-@@eo@@j@@i@@g@@e@@s@@s@@-eu@@n@@a	2
eo@@b@@s@@-@@eo	2
e@@l@@l@@i	2
d@@w@@a@@e@@j@@i@@u@@i	2
d@@u@@s@@a@@l@@a@@m@@-@@i	2
d@@u@@n@@a@@n@@i	2
d@@u@@m@@y@@eo	2
d@@u@@l@@y@@eo@@w@@o@@ha@@m@@y@@eo	2
d@@u@@l@@y@@eo@@w@@o@@ha@@l@@a	2
d@@u@@l@@y@@eo@@w@@o@@ha@@j@@i	2
d@@u@@l@@y@@eo@@w@@o@@ha@@d@@eo@@l@@a	2
d@@u@@l@@s@@s@@i@@g	2
d@@u@@l@@o	2
d@@u@@l@@j@@j@@a@@e@@g@@a	2
d@@u@@l@@eu@@g@@o	2
d@@u@@eo@@l@@a	2
d@@o@@w@@a	2
d@@o@@n@@g@@n@@e	2
d@@o@@n@@g@@-@@il@@eu@@l	2
d@@o@@n@@g@@-@@a@@n	2
d@@o@@n	2
d@@o@@m@@a@@n@@g@@ha@@y@@eo	2
d@@o@@l@@eu@@l	2
d@@o@@l@@d@@eu@@l@@-@@i	2
d@@o@@l@@b@@a@@t@@-@@e	2
d@@o@@l@@-@@i@@k@@i@@s@@a	2
d@@o@@l@@-@@i@@k@@i@@j@@i	2
d@@o@@l@@-@@a@@o@@s@@a	2
d@@o@@j@@eo@@g@@j@@il@@ha@@j@@i	2
d@@o@@e@@n@@il@@a	2
d@@o@@e@@n@@eu@@n@@il@@a	2
d@@o@@e@@n@@eu@@n	2
d@@o@@e@@l@@i@@n@@i	2
d@@o@@e@@l@@i@@i@@k@@k@@a	2
d@@o@@e@@eo@@y@@a	2
d@@o@@e@@eo@@s@@s@@n@@eu@@n@@il@@a	2
d@@o@@e@@eo@@s@@s@@d@@eo@@n@@i	2
d@@eu@@l@@g@@o	2
d@@eu@@l@@g@@eo@@n@@eu@@l	2
d@@eu@@l@@eo@@n@@a@@j@@i	2
d@@eu@@l@@-@@eo@@g@@a@@s@@i@@m@@a@@e	2
d@@eu@@l@@-@@eo@@g@@a@@l@@a	2
d@@eu@@l@@-@@eo@@g@@a@@l	2
d@@eu@@d@@n@@eu@@n@@g@@a	2
d@@eo@@n@@j@@i@@u@@n@@eu@@n	2
d@@eo@@d@@i	2
d@@e@@s@@eo	2
d@@e	2
d@@a@@n@@i@@m@@y@@eo	2
d@@a@@n@@g@@s@@i@@n@@-@@i	2
d@@a@@n@@g@@ha@@m@@y@@eo@@n	2
d@@a@@l@@a@@g@@b@@a@@n@@g@@-eu@@l	2
d@@a@@l@@-@@i	2
d@@a@@e@@n@@i	2
d@@a@@e@@n	2
d@@a@@e@@j@@i	2
d@@a@@e@@j@@e@@s@@a@@j@@a@@n@@g@@d@@eu@@l@@-@@i	2
d@@a@@e@@i@@n	2
d@@a@@e@@ha@@n	2
d@@a@@e@@g@@o	2
d@@a@@e@@eo@@s@@s@@n@@eu@@n@@y@@a	2
d@@a@@e@@eo	2
d@@a@@e@@d@@a@@b@@j@@i	2
d@@a@@e@@d@@a@@b@@-eu@@l	2
c@@ha@@m@@-eu@@l@@o@@s@@s@@eo	2
c@@ha@@m@@-eu@@l@@i@@y@@o	2
c@@ha@@j@@i@@ha@@l@@a	2
c@@ha@@j@@-eu@@l	2
c@@ha@@e@@j@@j@@i@@g@@j@@il@@ha@@g@@o	2
c@@h@@y@@eo	2
c@@h@@w@@i@@ha@@y@@eo@@s@@s@@d@@a@@g@@a	2
c@@h@@w@@i@@ha@@y@@eo@@s@@s@@-eu@@n@@i	2
c@@h@@u@@s@@u@@ha@@l	2
c@@h@@u@@g@@s@@a@@ha@@s@@i@@g@@o	2
c@@h@@u@@g@@b@@o@@g@@ha@@s@@i@@g@@o	2
c@@h@@o@@n@@-eu@@l@@o	2
c@@h@@o@@m@@a@@g	2
c@@h@@i@@n@@g@@ha@@m@@-eu@@l	2
c@@h@@i@@n@@g@@c@@ha@@n	2
c@@h@@i@@n@@eu@@n	2
c@@h@@i@@n@@c@@h@@eo@@g@@g@@w@@a	2
c@@h@@i@@m@@s@@a@@n@@g@@-@@e	2
c@@h@@i@@d@@eo@@n	2
c@@h@@eo@@n@@s@@a@@-@@e@@g@@e	2
c@@h@@eo@@n@@j@@i@@n@@eu@@n	2
c@@h@@eo@@n@@ha@@-@@e	2
c@@h@@eo@@n@@g@@j@@i@@g@@i@@g@@a	2
c@@h@@eo@@n@@g@@ha@@y@@eo	2
b@@y@@eo@@n@@l@@o@@n@@ha@@n@@eu@@n	2
b@@y@@eo@@n@@g@@s@@i@@n@@d@@eu@@l@@g@@w@@a	2
b@@y@@eo@@n@@g@@-@@i@@n@@-@@e@@g@@e	2
b@@y@@eo@@n@@g@@-@@i	2
b@@u@@t@@-@@i@@n@@eu@@n	2
b@@u@@n@@n@@a@@e@@eo	2
b@@u@@n@@j@@a@@e@@n@@g@@ha@@n@@eu@@n	2
b@@u@@n@@h@@i	2
b@@u@@n@@b@@o@@n@@g@@-@@w@@a@@n@@g	2
b@@u@@m@@o@@w@@a	2
b@@u@@m@@o@@g@@a	2
b@@u@@l@@g@@w@@a	2
b@@u@@l@@eu@@s@@a	2
b@@u@@l@@eu@@n@@i	2
b@@u@@h@@w@@a@@l@@-@@i	2
b@@u@@h@@w@@a@@l	2
b@@u@@d@@a@@e@@e	2
b@@u@@-@@i@@n@@ha@@y@@eo	2
b@@u@@-@@i@@n@@ha@@g@@o	2
b@@o@@n@@j@@eu@@g	2
b@@o@@n@@eu@@n@@y@@a	2
b@@o@@l@@eo	2
b@@o@@l	2
b@@o@@il@@a	2
b@@o@@i@@j@@i	2
b@@o@@h@@w@@a@@g@@a	2
b@@o@@a@@l@@a	2
b@@il@@l@@a@@d@@o@@-@@e@@g@@e	2
b@@i@@u@@s@@d@@eo@@l@@a	2
b@@i@@t@@a@@l@@l@@o	2
b@@i@@j@@a@@g@@a	2
b@@i@@ha@@l@@k@@k@@o	2
b@@eo@@s@@g@@i@@g@@o	2
b@@eo@@l@@y@@eo	2
b@@eo@@l@@s@@s@@eo	2
b@@e@@s@@b@@a@@g@@e@@w@@a	2
b@@e@@d@@eu@@l@@o@@l@@eu@@l	2
b@@e@@d@@a@@n@@i	2
b@@a@@t@@-@@e	2
b@@a@@n@@g@@c@@ha@@e@@g@@-eu@@l	2
b@@a@@m@@-@@i	2
b@@a@@l@@i@@s@@a@@e@@i@@n@@d@@eu@@l@@g@@w@@a	2
b@@a@@l@@i@@s@@a@@e@@i@@n@@d@@eu@@l@@-@@u@@i	2
b@@a@@l@@i@@s@@a@@e@@i@@n@@-eu@@n	2
b@@a@@l@@i@@s@@a@@e@@i@@n@@-@@i@@y@@eo	2
b@@a@@l@@g@@-eu@@m@@a@@e	2
b@@a@@l@@eu@@l	2
b@@a@@l@@a@@m@@g@@w@@a	2
b@@a@@k@@k@@-eu@@l@@o	2
b@@a@@g@@g@@o	2
b@@a@@g@@g@@e	2
b@@a@@e@@l@@eu@@l	2
b@@a@@e@@g@@s@@eo@@n@@g@@d@@eu@@l@@-@@i	2
b@@a@@e@@g@@s@@eo@@n@@g	2
b@@a@@e@@b@@u@@l@@l@@i	2
b@@a@@d@@g@@e@@s@@s@@g@@o	2
b@@a@@d@@d@@eu@@l@@j@@i	2
b@@a@@d@@a@@s@@g@@a@@-@@e	2
b@@a@@d@@a	2
b@@a@@d@@-eu@@s@@i@@g@@o	2
b@@a@@d@@-eu@@m@@y@@eo	2
b@@a@@d@@-eu@@l@@y@@eo@@n@@i@@w@@a	2
b@@a@@d@@-@@a	2
b@@a@@c@@h@@il@@a	2
a@@s@@i@@n@@eu@@n@@il@@a	2
a@@n@@s@@u@@ha@@y@@eo	2
a@@n@@s@@u@@ha@@s@@i@@g@@o	2
a@@n@@o@@n@@i	2
a@@n@@j@@g@@e	2
a@@n@@j@@-eu@@s@@y@@eo@@s@@s@@-eu@@l	2
a@@n@@j@@-@@a@@s@@s@@n@@eu@@n@@j@@il@@a	2
a@@n@@j@@-@@a@@s@@s@@-eu@@l@@a	2
a@@n@@j@@-@@a@@s@@eo	2
a@@n@@i@@ha@@y@@eo@@s@@s@@d@@o@@d@@a	2
a@@n@@i@@ha@@y@@eo@@s@@s@@-eu@@d@@o@@e	2
a@@n@@i@@ha@@s@@i@@n@@il@@a	2
a@@n@@i@@ha@@n@@i	2
a@@n@@i@@ha@@n@@eu@@n@@y@@a	2
a@@n@@i@@ha@@n@@eu@@n@@il@@a	2
a@@n@@i@@ha@@m@@-@@il@@l@@eo@@l@@a	2
a@@n@@i@@ha@@g@@eo@@d@@eu@@n	2
a@@n@@i@@g@@a@@g@@o	2
a@@n@@h@@g@@il@@eu@@l	2
a@@n@@h@@g@@e	2
a@@n@@g@@o	2
a@@n@@d@@eu@@l@@e@@g@@a	2
a@@n@@a@@e@@l@@o	2
a@@n@@-eu@@l@@o	2
a@@n@@-@@e	2
a@@l@@g@@e	2
a@@l@@a@@e@@n@@a	2
a@@l@@-@@a@@s@@s@@d@@eo@@m@@y@@eo@@n	2
a@@l@@-@@a	2
a@@il@@o	2
a@@il@@eu@@l	2
a@@i@@w@@a	2
a@@i@@d@@eu@@l@@-@@u@@i	2
a@@d@@eu@@l@@-@@i@@n@@i@@i@@d@@a	2
a@@d@@eu@@l@@-@@i@@eo@@d@@eu@@n	2
a@@c@@h@@i@@m@@-@@e	2
a@@b@@eo@@j@@i@@g@@a	2
y@@u@@w@@o@@l@@j@@eo@@l@@g@@w@@a	1
y@@u@@w@@o@@l@@j@@eo@@l@@-@@il@@a	1
y@@u@@l@@b@@eo@@b@@-eu@@l	1
y@@u@@l@@b@@eo@@b@@-@@u@@i	1
y@@u@@l@@b@@eo@@b@@-@@e	1
y@@u@@j@@eo@@n@@-eu@@l	1
y@@u@@il@@ha@@n	1
y@@u@@ha@@l@@eo	1
y@@u@@ha@@l@@a	1
y@@u@@ha@@d@@a@@g@@a	1
y@@u@@h@@w@@a@@n@@g@@-@@i	1
y@@u@@g@@s@@i@@n@@-@@i	1
y@@u@@g@@s@@i@@j@@j@@eu@@m	1
y@@u@@g@@s@@i@@g@@a	1
y@@u@@g@@j@@i@@e@@s@@eo	1
y@@u@@g@@c@@h@@e@@g@@a	1
y@@u@@g@@a	1
y@@u@@eo@@b@@-eu@@l	1
y@@u@@eo@@b@@-@@i	1
y@@u@@d@@a@@l@@a	1
y@@u@@d@@a@@eu@@i	1
y@@u@@d@@a@@e@@w@@a	1
y@@u@@d@@a@@e@@e@@s@@eo	1
y@@u@@d@@a@@e@@e	1
y@@u@@d@@a@@-@@e@@g@@e	1
y@@o@@s@@e@@b@@-@@i	1
y@@o@@n@@g@@s@@eo@@l@@eu@@l	1
y@@o@@n@@g@@m@@o@@g@@a	1
y@@o@@n@@a@@g@@a	1
y@@o@@n@@a@@b@@o@@d@@a	1
y@@o@@ha@@n@@-eu@@n	1
y@@o@@ha@@n	1
y@@o@@g@@ha@@g@@o	1
y@@o@@d@@o@@n@@g@@k@@e	1
y@@o	1
y@@eo@@w@@a@@n@@g@@-@@i	1
y@@eo@@u@@d@@o	1
y@@eo@@s@@eo@@s@@j@@j@@a@@e	1
y@@eo@@s@@eo@@s	1
y@@eo@@s@@b@@o@@n@@i	1
y@@eo@@s@@b@@o@@g@@o	1
y@@eo@@s@@b@@o@@g@@eo@@n@@eu@@l	1
y@@eo@@s@@b@@o@@d@@a@@g@@a	1
y@@eo@@s@@-@@s@@a@@e@@g@@a	1
y@@eo@@s@@-@@s@@a@@e	1
y@@eo@@n@@j@@a@@m@@a@@e@@s@@d@@o@@l@@-eu@@l	1
y@@eo@@n@@j@@a	1
y@@eo@@n@@ha@@y@@eo@@j@@i@@g@@o	1
y@@eo@@n@@g@@u@@ha@@n@@i	1
y@@eo@@n@@g@@u@@c@@h@@i	1
y@@eo@@n@@g@@s@@a@@e@@n@@g@@-@@e	1
y@@eo@@n@@g@@o@@w@@a	1
y@@eo@@n@@g@@o@@l@@o	1
y@@eo@@n@@g@@o@@l@@eo@@l@@a	1
y@@eo@@n@@g@@j@@eo@@b@@ha@@s@@a	1
y@@eo@@n@@g@@j@@eo@@b@@ha@@l@@il@@a	1
y@@eo@@n@@g@@j@@eo@@b@@ha@@g@@o	1
y@@eo@@n@@g@@j@@eo@@b@@ha@@g@@eo@@d@@eu@@n	1
y@@eo@@n@@g@@j@@eo@@b@@ha@@d@@eo@@l@@a	1
y@@eo@@n@@g@@h@@o@@n@@-@@i	1
y@@eo@@n@@g@@h@@o@@n@@-@@e@@g@@e	1
y@@eo@@n@@g@@h@@o@@n@@-@@a	1
y@@eo@@n@@g@@-eu@@n	1
y@@eo@@n@@g@@-eu@@l@@o	1
y@@eo@@n@@g@@-@@w@@o@@n@@t@@o@@l@@o@@g	1
y@@eo@@n@@g@@-@@w@@o@@n@@ha@@n	1
y@@eo@@n@@g@@-@@w@@o@@n@@h@@i	1
y@@eo@@n@@g@@-@@g@@w@@a@@n@@g@@-eu@@l@@o@@d@@o	1
y@@eo@@n@@g@@-@@g@@w@@a@@n@@g@@-@@il@@o@@d@@a	1
y@@eo@@n@@g@@-@@g@@w@@a@@n@@g@@-@@e	1
y@@eo@@n@@g@@-@@g@@w@@a@@n@@g	1
y@@eo@@n@@g	1
y@@eo@@n@@b@@o@@g@@w@@e@@l@@eu@@l	1
y@@eo@@m@@l@@y@@eo@@w@@a	1
y@@eo@@m@@l@@y@@eo@@ha@@n@@eu@@n@@y@@a	1
y@@eo@@m@@l@@y@@eo@@ha@@m@@-eu@@l@@o	1
y@@eo@@m@@l@@y@@eo@@ha@@l@@a	1
y@@eo@@m@@l@@y@@eo@@ha@@j@@i	1
y@@eo@@l@@s@@o@@e@@l@@eu@@l	1
y@@eo@@l@@m@@y@@eo	1
y@@eo@@l@@m@@a@@e@@l@@o	1
y@@eo@@l@@l@@il@@a@@n@@eu@@n	1
y@@eo@@l@@l@@i@@m@@y@@eo	1
y@@eo@@l@@l@@i@@l	1
y@@eo@@l@@l@@i@@g@@o	1
y@@eo@@l@@eu@@m@@-@@i	1
y@@eo@@l@@eo@@g@@a@@j@@il@@o	1
y@@eo@@l@@eo@@g@@a@@j@@i	1
y@@eo@@l@@d@@a@@s@@eo@@s	1
y@@eo@@l@@b@@y@@eo@@n@@g@@-eu@@l@@o	1
y@@eo@@l@@b@@y@@eo@@n@@g@@-eu@@l	1
y@@eo@@l@@b@@y@@eo@@n@@g@@-@@i	1
y@@eo@@l@@b@@y@@eo@@n@@g@@-@@e	1
y@@eo@@l@@-@@eo	1
y@@eo@@k@@k@@-@@eo	1
y@@eo@@j@@a@@y@@eo	1
y@@eo@@j@@a@@n@@eu@@n	1
y@@eo@@j@@a@@l@@o	1
y@@eo@@j@@a@@d@@o	1
y@@eo@@j@@a@@d@@eu@@l@@d@@o	1
y@@eo@@j@@a@@d@@eu@@l	1
y@@eo@@ha@@e@@n@@g@@-eu@@l	1
y@@eo@@g@@y@@eo@@s@@s@@-eu@@n@@a	1
y@@eo@@g@@s@@i	1
y@@eo@@g@@s@@a@@ha@@s@@a	1
y@@eo@@g@@i@@s@@y@@eo@@s@@s@@d@@eo@@l@@a	1
y@@eo@@g@@i@@s@@i@@n	1
y@@eo@@g@@i@@s@@i@@m@@-eu@@l	1
y@@eo@@g@@i@@o@@b@@s@@o@@s@@eo	1
y@@eo@@g@@i@@n@@eu@@n@@j@@il@@a	1
y@@eo@@g@@i@@l	1
y@@eo@@g@@i@@k@@k@@a@@j@@i	1
y@@eo@@g@@i@@g@@o	1
y@@eo@@g@@i@@g@@eo@@n@@eu@@l	1
y@@eo@@g@@i@@g@@a	1
y@@e@@s@@u@@s@@il@@a@@n	1
y@@e@@s@@u@@m@@a@@n	1
y@@e@@s@@u@@l@@o	1
y@@e@@s@@u@@k@@k@@e@@s@@eo@@n@@eu@@n	1
y@@e@@s@@u@@d@@o	1
y@@e@@s	1
y@@e@@m@@u@@l@@-eu@@l	1
y@@e@@l@@u@@s@@a@@l@@l@@e@@m@@g@@w@@a	1
y@@e@@l@@u@@s@@a@@l@@l@@e@@m@@-eu@@n	1
y@@e@@l@@u@@s@@a@@l@@l@@e@@m@@-eu@@l	1
y@@e@@l@@u@@s@@a@@l@@l@@e@@m@@-@@i	1
y@@e@@eo@@n@@ha@@y@@eo@@s@@s@@d@@o@@d@@a	1
y@@e@@b@@i@@il@@-@@i@@y@@o	1
y@@e@@b@@i@@ha@@y@@eo	1
y@@e@@b@@i@@ha@@l@@il@@a	1
y@@e@@b@@i@@ha@@g@@o	1
y@@e@@b@@i@@ha@@d@@eo@@l@@a	1
y@@e@@b@@i@@d@@o@@e@@n	1
y@@e@@b@@i@@c@@h@@i	1
y@@e	1
y@@a@@n@@g@@s@@i@@g@@-eu@@l	1
y@@a@@n@@g@@s@@i@@g@@-@@i@@n@@a	1
y@@a@@n@@g@@s@@i@@g@@-@@i	1
y@@a@@n@@g@@d@@eu@@l@@-@@i	1
y@@a@@n@@g@@c@@h@@i@@n@@-@@i	1
y@@a@@l@@b@@-eu@@n	1
y@@a@@g@@s@@o@@g@@ha@@s@@i@@n	1
y@@a@@g@@s@@o@@g@@ha@@n@@i	1
y@@a@@g@@o@@b@@o@@l@@eu@@l	1
y@@a@@g@@ha@@d@@o@@d@@a	1
y@@a@@e@@d@@eu@@l@@-@@a	1
w@@o@@n@@s@@u@@u@@i	1
w@@o@@n@@s@@u@@d@@eu@@l@@-eu@@l	1
w@@o@@n@@s@@u@@-@@i@@eo@@s@@s@@-eu@@n@@a	1
w@@o@@n@@m@@a@@n@@g@@ha@@y@@eo	1
w@@o@@n@@ha@@o@@b@@n@@a@@i@@d@@a	1
w@@o@@n@@ha@@n@@a@@i@@d@@a	1
w@@o@@n@@ha@@n@@-eu@@l	1
w@@o@@n@@ha@@l@@i@@y@@o	1
w@@o@@n@@-@@il@@o@@d@@o@@e	1
w@@i@@u@@i	1
w@@i@@t@@a@@e@@ha@@n@@j@@il@@a	1
w@@i@@ha@@n@@eu@@n	1
w@@i@@e@@s@@eo	1
w@@a@@y@@a	1
w@@a@@s@@s@@n@@o@@n@@i	1
w@@a@@s@@s@@n@@eu@@n@@il@@a	1
w@@a@@s@@s@@n@@eu@@n@@d@@e	1
w@@a@@s@@s@@n@@a@@i@@d@@a	1
w@@a@@s@@s@@d@@o@@d@@a	1
w@@a@@s@@s@@d@@a	1
w@@a@@s@@s@@-eu@@n@@a	1
w@@a@@s@@s@@-eu@@m@@-@@i@@eo@@n@@i@@w@@a	1
w@@a@@s@@s@@-eu@@l	1
w@@a@@n@@g@@n@@o@@l@@eu@@s@@ha@@s@@i@@l	1
w@@a@@n@@g@@-eu@@l	1
w@@a@@n@@g@@-@@w@@il@@eu@@l	1
w@@a@@n@@g@@-@@i	1
w@@a@@n@@g@@-@@g@@u@@n@@g@@-@@e	1
w@@a@@n@@-@@a@@g@@ha@@n	1
w@@a@@e	1
w@@a	1
u@@s@@n@@eu@@n	1
u@@s@@i@@m@@y@@eo	1
u@@s@@-eu@@l	1
u@@n@@m@@y@@eo@@n@@g@@ha@@s@@i@@m@@-eu@@l	1
u@@n@@m@@y@@eo@@n@@g@@ha@@s@@i@@d@@a	1
u@@n@@h@@y@@a@@n@@g@@-@@g@@w@@a	1
u@@n@@eu@@n@@y@@a	1
u@@n@@d@@o@@n@@g@@ha@@n@@eu@@n@@il@@a	1
u@@m	1
u@@l@@m@@y@@eo	1
u@@l@@l@@il@@o@@d@@a	1
u@@l@@l@@a	1
u@@l@@i@@w@@a	1
u@@l@@i@@k@@k@@a@@j@@i	1
u@@l@@i@@e@@g@@e@@d@@o	1
u@@l@@i@@d@@eu@@l@@-@@i	1
u@@l@@g@@o	1
u@@l@@-@@eo@@s@@s@@d@@eo@@l@@a	1
u@@l	1
u@@il@@o@@b@@g@@o	1
u@@il@@o@@b@@d@@a@@g@@o	1
u@@il@@o@@b@@d@@a	1
u@@i@@w@@o@@n@@-eu@@l	1
u@@i@@w@@o@@n@@-@@e@@g@@e	1
u@@i@@t@@a@@g@@ha@@y@@eo	1
u@@i@@s@@u@@h@@i	1
u@@i@@s@@i@@m@@-@@i	1
u@@i@@s@@a@@l@@o	1
u@@i@@n@@o@@n@@ha@@n@@i	1
u@@i@@n@@o@@n@@ha@@n@@eu@@n	1
u@@i@@n@@o@@n@@ha@@m@@a@@e	1
u@@i@@n@@o@@n@@ha@@l@@j@@j@@i@@n@@d@@a@@e	1
u@@i@@n@@o@@n@@ha@@g@@o	1
u@@i@@j@@i@@ha@@y@@eo	1
u@@i@@j@@a@@l@@eu@@l	1
u@@i@@i@@n@@d@@eu@@l@@-@@u@@i	1
u@@i@@i@@n@@-eu@@l	1
u@@i@@i@@n@@-@@i@@n@@i	1
u@@i@@i@@n@@-@@i@@n	1
u@@i@@i@@n@@-@@i@@eo@@s@@s@@d@@o@@d@@a	1
u@@i@@i@@n	1
u@@i@@b@@o@@g@@b@@o@@d@@a	1
u@@g@@eo@@ha@@m@@y@@eo@@n@@s@@eo	1
t@@t@@w@@i@@n@@o@@l@@l@@a	1
t@@t@@u@@l@@h@@j@@i	1
t@@t@@o@@n@@eu@@n	1
t@@t@@il@@eu@@l	1
t@@t@@eu@@s@@-@@i@@n@@i@@i@@d@@a	1
t@@t@@eu@@l@@i@@g@@o	1
t@@t@@eu@@l@@-@@e	1
t@@t@@eu@@g@@eo@@b@@j@@i	1
t@@t@@eu@@d@@-@@eo	1
t@@t@@eo@@n@@a@@s@@i@@j@@i	1
t@@t@@eo@@n@@a@@s@@i@@g@@il@@eu@@l	1
t@@t@@eo@@n@@a@@s@@eo	1
t@@t@@eo@@n@@a@@n@@il@@a	1
t@@t@@eo@@n@@a@@n	1
t@@t@@eo@@n@@a@@l@@a	1
t@@t@@eo@@n@@a@@g@@a@@s@@i@@g@@il@@eu@@l	1
t@@t@@eo@@n@@a@@g@@a@@n@@il@@a	1
t@@t@@eo@@n@@a@@g@@a@@n@@a@@i@@d@@a	1
t@@t@@eo@@n@@a@@g@@a@@g@@o	1
t@@t@@eo@@l@@g@@i	1
t@@t@@eo@@l@@-@@eo@@t@@t@@eu@@l@@i@@n@@j@@il@@a	1
t@@t@@eo@@l@@-@@eo@@t@@t@@eu@@l@@i@@n@@il@@a	1
t@@t@@eo@@l@@-@@eo@@j@@y@@eo@@s@@s@@d@@a@@n@@eu@@n	1
t@@t@@eo@@l@@-@@eo@@j@@i@@m	1
t@@t@@eo@@l@@-@@eo@@j@@i@@j@@i	1
t@@t@@eo@@l@@-@@eo	1
t@@t@@eo@@g@@d@@eo@@n@@g@@-@@i@@g@@a	1
t@@t@@eo@@g@@-eu@@l@@o@@m@@a@@n	1
t@@t@@eo	1
t@@t@@e@@s@@i@@m@@-eu@@l@@o	1
t@@t@@e@@l@@eu@@l	1
t@@t@@e@@g@@il@@eu@@l	1
t@@t@@e@@eo@@j@@u@@l	1
t@@t@@a@@n@@g@@k@@k@@eu@@t@@-@@e@@s@@eo	1
t@@t@@a@@n@@g@@-@@e@@s@@eo@@n@@eu@@n	1
t@@t@@a@@m@@eo@@g@@j@@i	1
t@@t@@a@@m@@-@@i	1
t@@t@@a@@l@@eu@@l@@i@@n@@i	1
t@@t@@a@@l@@d@@eu@@l@@-@@a	1
t@@t@@a@@l@@a@@w@@a@@s@@s@@g@@eo@@n@@eu@@l	1
t@@t@@a@@l@@a@@o@@m@@-eu@@l	1
t@@t@@a@@l@@a@@o@@d@@a@@g@@a	1
t@@t@@a@@l@@a@@g@@a@@n@@il@@a	1
t@@t@@a@@l@@a@@g@@a@@m@@y@@eo	1
t@@t@@a@@l@@a@@g@@a	1
t@@t@@a@@l@@-@@e@@g@@e@@s@@eo	1
t@@t@@a@@j@@i	1
t@@t@@a@@e@@y@@o	1
t@@t@@a@@e@@n@@eu@@n	1
t@@t@@a@@e@@m@@u@@n@@-@@e	1
t@@t@@a@@e@@l@@o@@b@@u@@t@@eo	1
t@@t@@a@@e@@l@@eu@@l	1
t@@t@@a@@e@@l@@a@@d@@o	1
t@@t@@a@@e@@k@@k@@a@@j@@i@@y@@o	1
t@@t@@a@@e@@k@@k@@a@@j@@i@@n@@eu@@n	1
t@@t@@a@@e@@e@@d@@o	1
t@@t@@a@@e@@d@@eu@@n@@j@@i	1
t@@t@@a@@e@@b@@u@@t@@eo@@n@@i@@i@@d@@a	1
t@@o@@s@@a@@e@@g@@ha@@n	1
t@@o@@s@@a@@e@@g	1
t@@o@@n@@g@@-@@g@@w@@a@@ha@@y@@eo	1
t@@o@@n@@g@@-@@g@@o@@g@@ha@@m@@-eu@@l	1
t@@o@@m@@a@@g@@-eu@@l	1
t@@o@@l@@o@@n@@ha@@n	1
t@@i@@n@@eu@@n	1
t@@eo@@t@@t@@eu@@l@@y@@eo	1
t@@a@@s@@i@@n@@i	1
t@@a@@s@@i@@g@@o	1
t@@a@@n@@g@@-@@g@@a@@m@@ha@@y@@eo	1
t@@a@@n	1
t@@a@@m@@s@@i@@m@@-eu@@l	1
t@@a@@m@@-@@y@@o@@g@@g@@w@@a	1
t@@a@@j@@a@@g	1
t@@a@@g@@u@@g@@-eu@@l@@o	1
t@@a@@eu@@s@@il@@il@@a	1
t@@a@@eu@@n@@i	1
t@@a@@e@@w@@a	1
t@@a@@e@@g@@ha@@y@@eo@@s@@s@@-eu@@n@@i	1
t@@a@@e@@g@@ha@@y@@eo	1
s@@w@@il@@a	1
s@@w@@i@@s@@i@@n@@i	1
s@@w@@i@@g@@o	1
s@@w@@i@@g@@il@@eu@@l	1
s@@w@@i@@d@@eo@@l@@a	1
s@@w@@i@@b@@g@@e@@s@@s@@n@@eu@@n@@y@@a	1
s@@u@@t@@a@@e@@ha@@y@@eo	1
s@@u@@t@@a@@e@@ha@@j@@i	1
s@@u@@t@@a@@e@@ha@@g@@i	1
s@@u@@n@@s@@i@@g@@g@@a@@n@@-@@e	1
s@@u@@n@@j@@o@@n@@g@@ha@@y@@eo@@s@@s@@-eu@@l@@il@@a	1
s@@u@@n@@j@@o@@n@@g@@ha@@n@@eu@@n@@d@@o@@d@@a	1
s@@u@@n@@j@@o@@n@@g	1
s@@u@@n@@j@@eo@@n@@ha@@n	1
s@@u@@n@@eu@@n	1
s@@u@@m@@g@@i@@w@@o@@s@@s@@d@@o@@d@@a	1
s@@u@@m@@g@@i@@s@@i@@g@@o	1
s@@u@@m@@g@@i@@m@@-@@i	1
s@@u@@m@@g@@i@@l	1
s@@u@@m@@g@@i@@j@@i	1
s@@u@@l@@i	1
s@@u@@j@@o@@n@@g@@ha@@l@@il@@a	1
s@@u@@ha@@-@@e	1
s@@u@@g@@u@@n@@g@@eo@@l@@y@@eo	1
s@@u@@g@@o@@l@@eu@@l	1
s@@u@@g@@o@@ha@@s@@i@@j@@i	1
s@@u@@g@@eo@@n@@-eu@@l@@o	1
s@@u@@-@@i@@l	1
s@@s@@u@@i@@u@@g@@o	1
s@@s@@o@@d@@-@@a@@j@@i@@g@@o	1
s@@s@@i@@s@@n@@eu@@n@@j@@il@@a	1
s@@s@@i@@s@@j@@i	1
s@@s@@i@@s@@-eu@@l	1
s@@s@@i@@s@@-@@eo@@s@@s@@-eu@@m@@y@@eo	1
s@@s@@i@@n@@eu@@n	1
s@@s@@i@@b@@o@@d@@a	1
s@@s@@eu@@n@@b@@a	1
s@@s@@eu@@l	1
s@@s@@eo@@j@@u@@eo	1
s@@s@@a@@s@@eo	1
s@@s@@a@@h@@n@@eu@@n@@d@@o@@d@@a	1
s@@s@@a@@h@@-@@a	1
s@@s@@a@@g@@o	1
s@@s@@a@@g@@-@@i	1
s@@s@@a	1
s@@o@@y@@u@@g@@a	1
s@@o@@y@@u	1
s@@o@@y@@o@@n@@g@@d@@a@@e@@l@@o	1
s@@o@@w@@o@@n@@d@@a@@e@@l@@o	1
s@@o@@w@@i	1
s@@o@@s@@u@@u@@i	1
s@@o@@n@@y@@eo@@y@@a	1
s@@o@@n@@y@@eo@@g@@a	1
s@@o@@n@@n@@i@@m@@-eu@@l@@o	1
s@@o@@n@@m@@a@@l@@eu@@n	1
s@@o@@n@@j@@i@@s@@ha@@y@@eo	1
s@@o@@n@@g@@s@@a@@ha@@l@@y@@eo	1
s@@o@@n@@g@@s@@a@@ha@@l	1
s@@o@@n@@g@@a@@l@@a@@g@@d@@o	1
s@@o@@n@@g@@a@@l@@a@@g@@-eu@@l	1
s@@o@@n@@g@@a@@l@@a@@g	1
s@@o@@n@@d@@a@@e@@n	1
s@@o@@n@@b@@a@@d@@a@@g@@-eu@@l@@o	1
s@@o@@n@@a@@g@@i@@g@@a	1
s@@o@@n@@a	1
s@@o@@l@@l@@o@@m@@o@@n@@b@@o@@d@@a	1
s@@o@@l@@il@@o	1
s@@o@@l@@i@@j@@il@@eu@@s@@i@@d@@o@@e	1
s@@o@@l@@i@@j@@il@@eu@@m@@y@@eo	1
s@@o@@l@@i@@j@@il@@eu@@l@@il@@a	1
s@@o@@l@@i	1
s@@o@@l@@a@@n@@-@@u@@i	1
s@@o@@j@@e@@d@@o@@e@@g@@o	1
s@@o@@j@@a@@y@@a	1
s@@o@@j@@a	1
s@@o@@g@@y@@eo@@n@@g@@d@@eu@@l@@g@@w@@a	1
s@@o@@g@@y@@eo@@n@@g@@d@@eu@@l@@-eu@@l	1
s@@o@@g@@y@@eo@@n@@g@@-@@u@@i	1
s@@o@@g@@y@@eo@@n@@g	1
s@@o@@g@@ha@@n	1
s@@o@@g@@eu@@m@@d@@o	1
s@@o@@g@@eu@@m@@-eu@@n	1
s@@o@@g@@eu@@m@@-eu@@l	1
s@@o@@g@@eu@@m	1
s@@o@@g@@d@@o	1
s@@o@@g@@-@@y@@eo	1
s@@o@@g@@-@@o@@s@@d@@o	1
s@@o@@g@@-@@i@@n@@j@@eu@@g	1
s@@o@@g@@-@@e@@n@@a	1
s@@o@@d@@o@@n@@g@@k@@e	1
s@@o@@d@@o@@m@@-@@i	1
s@@o@@d@@o@@m@@-@@e@@s@@eo	1
s@@o@@d@@eu@@g@@-@@u@@i	1
s@@o	1
s@@il@@j@@o@@g@@c@@h@@i	1
s@@il@@d@@o	1
s@@i@@p@@y@@eo@@n@@-@@e	1
s@@i@@n@@d@@o	1
s@@i@@n@@d@@eu@@l@@m@@e@@l@@eu@@l	1
s@@i@@n@@a@@eu@@i	1
s@@i@@n@@-eu@@l	1
s@@i@@m@@o@@n@@-@@il@@a@@n@@eu@@n	1
s@@i@@m@@l@@y@@eo@@n@@g@@-@@i	1
s@@i@@m@@j@@u@@n@@g@@-@@e	1
s@@i@@m@@j@@i@@eo	1
s@@i@@m@@j@@i@@d@@o	1
s@@i@@m@@j@@i	1
s@@i@@m@@ha@@n@@il@@a	1
s@@i@@m@@ha@@n	1
s@@i@@m@@ha@@g@@e	1
s@@i@@m@@g@@o	1
s@@i@@m@@g@@i@@u@@l@@a	1
s@@i@@m@@g@@i@@l	1
s@@i@@m@@eu@@o@@n@@-@@il@@a	1
s@@i@@j@@j@@eu@@m	1
s@@i@@j@@i@@b@@g@@a@@n@@eu@@n	1
s@@i@@j@@a@@n@@g@@ha@@s@@i@@n@@j@@il@@a	1
s@@i@@j@@a@@g@@ha@@g@@eo@@d@@eu@@n	1
s@@i@@j@@a@@g@@-@@il@@a	1
s@@i@@j@@a@@g@@-@@i@@n@@il@@a	1
s@@i@@i@@n@@ha@@m@@y@@eo@@n	1
s@@i@@i@@n@@ha@@l	1
s@@i@@h@@eo@@m@@ha@@n@@eu@@n@@y@@a	1
s@@i@@h@@eo@@m@@ha@@l@@eo	1
s@@i@@h@@eo@@m@@-eu@@l	1
s@@i@@g@@s@@a@@ha@@s@@i@@l	1
s@@i@@g@@o@@l@@l@@o	1
s@@i@@g@@a@@n@@-@@e	1
s@@i@@d@@o@@n@@-eu@@l	1
s@@i@@d@@o@@n@@-@@u@@i	1
s@@i@@d@@o@@n@@-@@i	1
s@@i@@d@@o@@n@@-@@e@@s@@eo	1
s@@i@@d@@a@@e@@n@@eu@@n	1
s@@i@@d@@a@@e@@e	1
s@@i@@c@@h@@e@@l@@eu@@l	1
s@@i@@c@@h@@e@@g@@a	1
s@@i@@b@@j@@a@@g@@a@@-@@e@@s@@eo	1
s@@i@@b	1
s@@i	1
s@@eu@@l@@p@@i	1
s@@eu@@l@@p@@eu@@m@@-eu@@l	1
s@@eu@@l@@p@@eo@@ha@@s@@a	1
s@@eu@@l@@p@@eo@@ha@@m@@y@@eo	1
s@@eu@@l@@g@@i	1
s@@eu@@b@@g@@w@@a@@n@@-eu@@l	1
s@@eu@@b@@g@@i@@g@@a	1
s@@eo@@s@@s@@n@@eu@@n@@j@@il@@a	1
s@@eo@@s@@s@@n@@a@@i@@d@@a	1
s@@eo@@s@@i@@n@@i	1
s@@eo@@s@@i@@m@@a@@e	1
s@@eo@@n@@s@@a@@e@@n@@g@@n@@i@@m@@k@@k@@e	1
s@@eo@@n@@s@@a@@e@@n@@g@@n@@i@@m@@-eu@@l@@o	1
s@@eo@@n@@s@@a@@e@@n@@g@@n@@i@@m@@-@@u@@i	1
s@@eo@@n@@s@@a@@e@@n@@g@@b@@o@@d@@a	1
s@@eo@@n@@s@@a@@e@@n@@g@@-@@u@@i	1
s@@eo@@n@@s@@a@@e@@n@@g@@-@@g@@w@@a	1
s@@eo@@n@@j@@i@@j@@a@@y@@eo@@n@@eu@@l	1
s@@eo@@n@@j@@i@@j@@a@@w@@a	1
s@@eo@@n@@j@@i@@j@@a@@n@@y@@a	1
s@@eo@@n@@j@@i@@j@@a@@n@@eu@@n	1
s@@eo@@n@@j@@i@@j@@a@@d@@eu@@l@@l@@o	1
s@@eo@@n@@j@@i@@j@@a@@d@@eu@@l@@-@@i	1
s@@eo@@n@@j@@i@@j@@a@@d@@eu@@l@@-@@e@@g@@e	1
s@@eo@@n@@j@@i@@j@@a@@b@@o@@d@@a@@d@@o	1
s@@eo@@n@@g@@s@@o	1
s@@eo@@n@@g@@s@@i@@n@@-@@e@@n@@eu@@n	1
s@@eo@@n@@g@@n@@a@@e@@w@@a	1
s@@eo@@n@@g@@l@@y@@eo@@n@@g@@-eu@@l@@o	1
s@@eo@@n@@g@@l@@y@@eo@@n@@g@@-@@i@@s@@i@@n@@il@@a	1
s@@eo@@n@@g@@l@@y@@eo@@n@@g@@-@@g@@w@@a	1
s@@eo@@n@@g@@l@@y@@eo@@n@@g@@-@@e@@g@@e	1
s@@eo@@n@@g@@l@@y@@eo@@n@@g@@-@@e	1
s@@eo@@n@@g@@j@@eo@@n@@-@@u@@i	1
s@@eo@@n@@g@@ha@@m@@y@@eo@@n	1
s@@eo@@n@@g@@-eu@@l	1
s@@eo@@n@@g@@-@@g@@y@@eo@@n@@g@@d@@o	1
s@@eo@@n@@g@@-@@g@@w@@a	1
s@@eo@@n@@g@@-@@e@@s@@eo	1
s@@eo@@n@@g@@-@@e	1
s@@eo@@n@@g	1
s@@eo@@n@@eu@@n@@j@@il@@a	1
s@@eo@@n@@eu@@l@@ha@@g@@e	1
s@@eo@@n@@-@@e@@s@@eo	1
s@@eo@@n	1
s@@eo@@m@@g@@il@@y@@eo	1
s@@eo@@m@@g@@il@@a	1
s@@eo@@m@@g@@i@@m@@-eu@@l	1
s@@eo@@l@@m@@y@@eo@@n@@g@@ha@@s@@i@@n@@il@@a	1
s@@eo@@l@@i@@n@@i	1
s@@eo@@l@@a	1
s@@eo@@j@@i	1
s@@eo@@g@@i@@g@@w@@a@@n@@d@@eu@@l@@-eu@@n	1
s@@eo@@g@@i@@g@@w@@a@@n@@d@@eu@@l@@-@@e@@g@@e	1
s@@eo@@g@@i@@g@@w@@a@@n@@d@@eu@@l	1
s@@eo@@g@@i@@g@@w@@a@@n@@-@@i	1
s@@eo@@g@@eo@@n@@eu@@l	1
s@@eo@@g@@e@@s@@s@@n@@eu@@n@@y@@a	1
s@@eo@@e@@s@@eo	1
s@@eo@@d@@o@@l@@o@@g	1
s@@eo@@d@@eo@@l@@a	1
s@@e@@s@@i@@n	1
s@@e@@s@@a@@n@@g@@-@@u@@i	1
s@@e@@s@@a@@n@@g@@-@@g@@w@@a	1
s@@e@@s@@a@@n@@g@@-@@e@@s@@eo	1
s@@e@@s@@a@@n@@g@@-@@e	1
s@@e@@s@@a@@n@@g	1
s@@e@@m@@a@@p@@o@@l@@o	1
s@@e@@m@@a@@p@@o@@l@@eu@@l	1
s@@e@@l@@y@@e@@g@@a	1
s@@e@@l@@i@@w@@a@@d@@o	1
s@@e@@l@@i@@n@@eu@@n	1
s@@e@@l@@i@@g@@a	1
s@@e@@l@@i@@d@@eu@@l@@g@@w@@a	1
s@@e@@l@@i@@d@@eu@@l@@d@@o	1
s@@e@@l@@eu@@l	1
s@@e@@g@@a@@n@@-eu@@l	1
s@@e@@g@@a@@n@@-@@i	1
s@@e@@d@@a@@eu@@i	1
s@@e@@d@@a@@e@@n@@eu@@n	1
s@@e@@d@@a@@e@@l@@a	1
s@@e@@d@@a@@e@@e	1
s@@e@@-@@u@@g@@o	1
s@@a@@y@@a@@n@@g@@ha@@y@@eo	1
s@@a@@s@@il@@-eu@@l	1
s@@a@@s@@i@@b	1
s@@a@@n@@g@@j@@w@@a	1
s@@a@@n@@g@@ha@@j@@i	1
s@@a@@n@@g@@c@@h@@i	1
s@@a@@n@@g@@c@@h@@eo@@l@@eu@@l	1
s@@a@@n@@g@@-@@g@@w@@a	1
s@@a@@n@@g@@-@@g@@eo@@g@@a	1
s@@a@@n@@a@@e@@l@@eu@@l	1
s@@a@@n@@-@@u@@l@@l@@o	1
s@@a@@n@@-@@u@@l	1
s@@a@@n@@-@@u@@i	1
s@@a@@m@@u@@l@@eu@@l	1
s@@a@@m@@g@@y@@eo@@n@@g@@-@@e	1
s@@a@@m@@a@@l@@i@@a@@w@@a	1
s@@a@@m@@-eu@@l@@a	1
s@@a@@m@@-@@il@@-@@e	1
s@@a@@m@@-@@i@@l	1
s@@a@@l@@o@@j@@a@@b@@h@@y@@eo	1
s@@a@@l@@l@@il@@a	1
s@@a@@l@@l@@i@@m@@-eu@@l	1
s@@a@@l@@j@@i@@eo@@d@@a	1
s@@a@@l@@g@@w@@a	1
s@@a@@l@@a@@n@@g@@s@@eu@@l@@eo@@w@@o	1
s@@a@@l@@a@@n@@g@@ha@@y@@eo	1
s@@a@@l@@a@@n@@g@@ha@@n@@eu@@n@@j@@a@@l@@eu@@l	1
s@@a@@l@@a@@n@@g@@ha@@n@@eu@@n@@il@@a	1
s@@a@@l@@a@@n@@g@@ha@@m@@y@@eo@@n	1
s@@a@@l@@a@@n@@g@@ha@@m@@y@@eo	1
s@@a@@l@@a@@n@@g@@ha@@g@@eo@@n@@a	1
s@@a@@l@@a@@n@@g@@ha@@g@@e@@s@@s@@n@@eu@@n@@y@@a	1
s@@a@@l@@a@@n@@g@@-eu@@n	1
s@@a@@l@@a@@m@@d@@eu@@l@@l@@o	1
s@@a@@l@@a@@m@@d@@eu@@l@@-eu@@l	1
s@@a@@l@@a@@m@@d@@eu@@l@@-@@il@@a	1
s@@a@@l@@a@@m@@d@@eu@@l	1
s@@a@@l@@a@@m@@-eu@@l@@o@@s@@eo	1
s@@a@@l@@a@@m@@-eu@@l@@o@@n@@eu@@n	1
s@@a@@l@@a@@m@@-@@i@@y@@o	1
s@@a@@l@@a@@m@@-@@e	1
s@@a@@l@@-@@a@@s@@s@@n@@eu@@n@@il@@a	1
s@@a@@l@@-@@a@@n@@a@@y@@a	1
s@@a@@l@@-@@a@@n@@a@@s@@y@@eo@@s@@s@@n@@eu@@n@@il@@a	1
s@@a@@l@@-@@a@@n@@a@@s@@y@@eo@@s@@s@@g@@o	1
s@@a@@l@@-@@a@@n@@a@@s@@s@@d@@o@@d@@a	1
s@@a@@l@@-@@a@@n@@a@@s@@s@@d@@a@@g@@o@@d@@o	1
s@@a@@l@@-@@a@@n@@a@@s@@s@@d@@a	1
s@@a@@l@@-@@a@@n@@a@@s@@i@@n	1
s@@a@@l@@-@@a@@n@@a@@s@@i@@g@@o	1
s@@a@@l@@-@@a@@n@@a@@n@@eu@@n	1
s@@a@@l@@-@@a@@n@@a@@n	1
s@@a@@l@@-@@a@@n@@a@@m@@y@@eo	1
s@@a@@l@@-@@a@@n@@a@@l@@il@@a	1
s@@a@@l	1
s@@a@@j@@i	1
s@@a@@j@@a@@g@@a	1
s@@a@@i@@e@@s@@eo	1
s@@a@@ha@@n@@eu@@n@@g@@a	1
s@@a@@ha@@g@@e@@s@@s@@n@@eu@@n@@y@@a	1
s@@a@@h@@y@@eo@@n@@g@@-eu@@l	1
s@@a@@h@@y@@eo@@n@@g	1
s@@a@@h@@eu@@l@@m@@a@@n@@-@@e	1
s@@a@@h@@eu@@l@@-@@e	1
s@@a@@g@@w@@il@@a	1
s@@a@@g@@s@@-eu@@l	1
s@@a@@g@@g@@a@@eo@@g@@a	1
s@@a@@g@@a@@l@@y@@a@@y@@o	1
s@@a@@g@@a@@l@@y@@a@@u@@i	1
s@@a@@g@@a@@l@@y@@a@@l@@a	1
s@@a@@e@@n@@g@@s@@eo@@n@@-eu@@l	1
s@@a@@e@@n@@g@@m@@y@@eo@@n@@g@@-@@i	1
s@@a@@e@@n@@g@@h@@w@@a@@l@@b@@i	1
s@@a@@e@@n@@g@@b@@e	1
s@@a@@e@@n@@g@@-@@g@@a@@g@@n@@a@@s@@eo	1
s@@a@@e@@n@@g@@-@@g@@a@@g@@ha@@y@@eo	1
s@@a@@e@@n@@g@@-@@g@@a@@g@@ha@@n@@eu@@n@@j@@il@@a	1
s@@a@@e@@n@@g@@-@@g@@a@@g@@ha@@n@@eu@@n@@d@@o@@d@@a	1
s@@a@@e@@n@@g@@-@@g@@a@@g@@ha@@m@@a@@e	1
s@@a@@e@@n@@g@@-@@g@@a@@g@@ha@@g@@il@@eu@@l	1
s@@a@@e@@n@@g@@-@@g@@a@@g@@-@@i	1
s@@a@@e@@m@@a@@e	1
s@@a@@e@@k@@k@@il@@eu@@l	1
s@@a@@e@@k@@k@@i@@g@@a	1
s@@a@@e@@k@@k@@i	1
s@@a@@e@@g@@eo@@s@@-@@i	1
s@@a@@e@@d@@o	1
s@@a@@e@@b@@y@@eo@@g@@-@@e@@l@@n@@eu@@n@@j@@i	1
s@@a@@e@@b@@y@@eo@@g	1
s@@a@@e@@b@@o@@d@@a	1
s@@a@@d@@u@@g@@a@@e@@i@@n@@d@@eu@@l@@-@@i	1
s@@a@@d@@u@@g@@a@@e@@i@@n	1
s@@a@@d@@o@@w@@a	1
s@@a@@d@@o@@l@@a	1
s@@a@@d@@o@@g@@a	1
s@@a@@d@@o@@d@@eu@@l@@g@@w@@a	1
s@@a@@d@@o@@d@@eu@@l@@-eu@@l	1
s@@a@@d@@o@@d@@eu@@l@@-@@i	1
s@@a@@d@@a@@n@@-eu@@l	1
s@@a@@d@@a@@n@@-@@e@@g@@e	1
s@@a@@d@@a@@n@@-@@a	1
s@@a@@d@@a	1
s@@a@@c@@h@@i@@ha@@g@@e	1
s@@a@@c@@h@@eo@@n	1
s@@a@@b@@a@@n@@g@@-@@g@@w@@a	1
s@@a@@b@@a@@g@@d@@a@@n@@i	1
s@@a	1
p@@y@@o@@j@@eo@@g@@b@@a@@k@@k@@-@@e@@n@@eu@@n	1
p@@y@@o@@j@@eo@@g@@-eu@@l@@o	1
p@@y@@eo@@n@@k@@k@@a@@j@@i	1
p@@y@@eo@@n@@g@@t@@o@@j@@a@@n@@g@@ha@@n	1
p@@y@@eo@@n@@g@@t@@a@@n@@k@@e	1
p@@y@@eo@@n@@g@@j@@i@@e	1
p@@y@@eo@@n@@g@@h@@w@@a@@y@@o	1
p@@y@@eo@@n@@g@@h@@w@@a@@-@@e	1
p@@y@@eo@@n@@g@@-@@g@@a@@n@@g@@-@@i	1
p@@y@@eo@@n@@g@@-@@a@@n@@-eu@@l	1
p@@y@@eo@@n@@g@@-@@a@@n@@-@@i	1
p@@y@@eo@@n@@-eu@@l	1
p@@y@@eo@@m@@y@@eo	1
p@@y@@eo@@d@@eo@@l@@a	1
p@@u@@n@@i	1
p@@u@@n@@eu@@n@@y@@a	1
p@@u@@n@@eu@@n	1
p@@u@@m@@g@@u@@n@@-@@i	1
p@@u@@l@@l@@y@@eo	1
p@@u@@l@@g@@i@@d@@o	1
p@@u@@l@@eu@@n	1
p@@u@@l@@-@@eo@@n@@a@@e@@eo	1
p@@p@@y@@eo@@g@@a	1
p@@p@@y@@a@@m@@d@@o	1
p@@p@@y@@a@@m@@-eu@@l	1
p@@p@@u@@n@@-@@i@@y@@o	1
p@@p@@u@@n@@-@@i@@eo@@s@@s@@g@@o	1
p@@p@@u@@n@@-@@i@@eo@@s@@s@@d@@eo@@l@@a	1
p@@p@@u@@l@@il@@s@@a@@e	1
p@@p@@u@@l@@il@@o@@b@@u@@t@@eo	1
p@@p@@u@@l@@i@@u@@n@@eu@@n	1
p@@p@@u@@l@@i@@e	1
p@@p@@o@@n@@g@@n@@a@@m@@u@@d@@eo@@l@@eo	1
p@@p@@o@@b@@h@@y@@eo	1
p@@p@@o@@b@@d@@eo@@l@@a	1
p@@p@@o@@b@@-eu@@l@@s@@s@@a@@e	1
p@@p@@eo@@n@@ha@@y@@eo@@s@@s@@g@@eo@@n@@i@@w@@a	1
p@@p@@a@@l@@l@@i	1
p@@p@@a@@l@@l@@a@@e@@ha@@n@@eu@@n	1
p@@p@@a@@j@@i@@j@@i	1
p@@p@@a@@e@@eo	1
p@@p@@a@@e@@a@@s@@g@@o	1
p@@p@@a@@e@@a@@s@@g@@il@@i@@n@@i	1
p@@p@@a@@e@@a@@s@@g@@i@@l	1
p@@p@@a@@e@@a@@s@@g@@i@@j@@i	1
p@@p@@a@@e@@a@@s@@-@@a	1
p@@o@@d@@o@@w@@o@@n@@-@@e	1
p@@o@@d@@o@@n@@a@@m@@u@@e@@s@@eo	1
p@@o@@d@@o@@l@@eu@@l	1
p@@o@@d@@o@@j@@u@@n@@eu@@n	1
p@@il@@ha@@g@@o	1
p@@i@@u@@g@@o	1
p@@i@@n@@il@@a	1
p@@i@@ha@@l@@a	1
p@@i@@ha@@g@@o	1
p@@i@@g@@o@@n@@ha@@m@@-@@il@@a	1
p@@i@@b@@j@@eo@@l@@d@@o@@e@@eo	1
p@@i@@b@@b@@a@@g@@ha@@m@@y@@eo	1
p@@i@@b@@b@@a@@g@@ha@@l@@il@@a	1
p@@i@@b@@a@@n@@g@@-@@u@@l	1
p@@i	1
p@@eo@@j@@y@@eo@@s@@s@@g@@o	1
p@@eo@@j@@i@@n@@il@@a	1
p@@eo@@j@@i@@m@@a@@e	1
p@@eo@@j@@i@@g@@e	1
p@@eo@@j@@i@@d@@eo@@l@@a	1
p@@a@@s@@o@@n@@g@@d@@o@@e@@n	1
p@@a@@n@@g@@y@@eo@@l@@-@@e	1
p@@a@@n@@d@@a@@n@@ha@@n@@o@@n@@i	1
p@@a@@l@@l@@il@@a	1
p@@a@@l@@l@@i@@u@@n@@eu@@n@@il@@a	1
p@@a@@l@@l@@i@@n@@eu@@n	1
p@@a@@l@@i@@ha@@y@@eo	1
p@@a@@l@@g@@o	1
p@@a@@g@@o@@e@@d@@o@@e@@m@@-@@i	1
p@@a@@e@@y@@eo@@g@@ha@@n	1
p@@a@@e@@g@@a	1
p@@a@@d@@o@@u@@i	1
o@@s@@y@@eo@@s@@eo	1
o@@s@@o@@s@@eo	1
o@@s@@il@@s@@a@@e	1
o@@s@@i@@n@@i	1
o@@s@@i@@n@@a@@n@@i	1
o@@s@@i@@m@@a@@e	1
o@@s@@i@@g@@il@@eu@@l	1
o@@s@@i@@b	1
o@@n@@j@@eo@@n@@k@@e	1
o@@n@@i	1
o@@n@@g@@eo@@s@@-@@i	1
o@@n@@eu@@n@@j@@il@@a	1
o@@n@@eu@@n@@d@@e	1
o@@n@@eo@@l@@a	1
o@@n@@-@@y@@eo@@g@@-@@i	1
o@@l@@s@@a@@e	1
o@@l@@n@@eu@@n@@j@@i	1
o@@l@@m@@g@@i@@u@@n	1
o@@l@@m@@g@@i@@j@@i	1
o@@l@@l@@i@@u@@s@@a	1
o@@l@@l@@a@@g@@a@@s@@eo	1
o@@l@@l@@a@@g@@a@@s@@a	1
o@@l@@l@@a@@g@@a@@n@@o@@n@@i	1
o@@l@@l@@a@@g@@a@@n@@eu@@n	1
o@@l@@l@@a@@g@@a	1
o@@l@@i	1
o@@l@@h@@s@@o@@i@@d@@a@@m@@a@@n@@eu@@n	1
o@@l@@h@@j@@i	1
o@@l@@h@@-eu@@n@@i@@i@@k@@k@@a	1
o@@l@@eu@@s@@i@@n@@i	1
o@@l@@eu@@s@@i@@l	1
o@@l@@eu@@n@@s@@o@@n	1
o@@l@@eu@@n@@p@@y@@eo@@n	1
o@@l@@a@@e@@y@@eo@@s@@s@@g@@o	1
o@@l@@a@@e@@n@@y@@a	1
o@@j@@i	1
o@@ha@@e@@ha@@m@@-@@i	1
o@@g@@o	1
o@@g@@il@@eu@@l	1
o@@g@@-@@e@@d@@o	1
o@@e@@s@@i@@g@@ha@@m@@-eu@@l	1
o@@e@@s@@i@@g@@-eu@@l	1
o@@e@@i@@n@@-@@e@@g@@e@@n@@eu@@n	1
o@@e@@e@@s@@eo@@n@@eu@@n	1
o@@e@@e@@d@@o	1
o@@e@@c@@h@@y@@eo	1
o@@e@@c@@h@@i@@s@@i@@d@@o@@e	1
o@@e@@c@@h@@i@@n@@eu@@n	1
o@@e@@a@@d@@eu@@l@@-@@i@@n@@i@@i@@d@@a	1
o@@e	1
o@@d@@o@@e	1
o@@c@@h@@eo@@n	1
n@@y@@eo@@n	1
n@@w@@i@@g@@i@@e	1
n@@w@@i@@g@@eo@@s@@-@@i	1
n@@u@@w@@o@@s@@s@@n@@eu@@n@@j@@il@@a	1
n@@u@@w@@o@@s@@s@@g@@o	1
n@@u@@w@@o@@s@@s@@d@@eo@@n	1
n@@u@@u@@n	1
n@@u@@n@@m@@u@@l@@l@@o	1
n@@u@@n@@-eu@@n	1
n@@u@@n@@-@@il@@a	1
n@@u@@l@@u@@g@@-eu@@l	1
n@@u@@l@@u@@g	1
n@@u@@l@@eu@@g@@o	1
n@@u@@g@@u@@w@@a	1
n@@u@@g@@u@@n@@y@@o	1
n@@u@@g@@u@@n@@g@@o	1
n@@u@@g@@u@@l@@eu@@l	1
n@@u@@g@@u@@l@@a	1
n@@u@@g@@u@@-@@il@@k@@k@@a	1
n@@u@@g@@u@@-@@i@@n@@j@@i	1
n@@u@@g@@u@@-@@i@@g@@i@@e	1
n@@o@@p@@j@@i	1
n@@o@@p@@-eu@@n@@s@@i@@n	1
n@@o@@p@@-@@y@@eo	1
n@@o@@p@@-@@i@@n@@eu@@n	1
n@@o@@p@@-@@i@@m@@-eu@@l	1
n@@o@@p@@-@@a@@j@@il@@il@@a	1
n@@o@@p@@-@@a@@j@@i@@g@@e@@s@@s@@n@@eu@@n@@y@@a	1
n@@o@@l@@l@@a@@s@@i@@m@@y@@eo	1
n@@o@@l@@l@@a@@n@@i	1
n@@o@@l@@l@@a@@m@@y@@eo	1
n@@o@@l@@l@@a@@m@@a@@e	1
n@@o@@l@@l@@a@@j@@i	1
n@@o@@l@@l@@a@@g@@eo@@n@@eu@@l	1
n@@o@@l@@eu@@s@@ha@@l@@a	1
n@@o@@l@@eu@@s@@-eu@@l	1
n@@o@@ha@@y@@eo	1
n@@o@@ha@@s@@i@@m@@-eu@@l@@o	1
n@@o@@h@@n@@eu@@n	1
n@@o@@h@@g@@o@@j@@a	1
n@@o@@h@@g@@o	1
n@@o@@h@@d@@eo@@l@@a	1
n@@o@@h@@-eu@@n	1
n@@o@@h@@-eu@@m@@a@@e	1
n@@o@@h@@-@@y@@eo@@s@@s@@-eu@@n@@i	1
n@@o@@h@@-@@y@@eo	1
n@@o@@b@@il@@eu@@l	1
n@@o@@a@@u@@i	1
n@@o@@a@@g@@a	1
n@@eu@@n@@g@@l@@y@@eo@@g@@d@@o	1
n@@eu@@n@@g@@l@@y@@eo@@g@@-eu@@l@@o	1
n@@eu@@n@@g@@ha@@s@@i@@n	1
n@@eu@@n@@g@@-@@y@@o@@g@@ha@@y@@eo@@s@@s@@g@@eo@@n@@eu@@l	1
n@@eu@@n@@g@@-@@y@@o@@g@@ha@@m@@y@@eo	1
n@@eu@@n@@g@@-@@y@@o@@g@@ha@@g@@o	1
n@@eu@@l@@g@@-@@g@@o	1
n@@eu@@l@@g@@-@@eo@@s@@eo	1
n@@eu@@g@@t@@a@@l@@ha@@l@@il@@a	1
n@@eu@@g@@t@@a@@l@@c@@h@@i	1
n@@eu@@g@@j@@i@@n@@g@@c@@h@@i	1
n@@eo@@w@@a	1
n@@eo@@m@@g@@y@@eo@@j@@u@@n@@il@@a	1
n@@eo@@m@@g@@y@@eo@@j@@u@@l	1
n@@eo@@m@@g@@y@@eo@@j@@u@@g@@e@@s@@s@@g@@o	1
n@@eo@@m@@c@@h@@i@@d@@o@@l@@o@@g	1
n@@eo@@m@@-@@eo	1
n@@eo@@h@@u@@i@@y@@eo	1
n@@eo@@h@@u@@i@@k@@k@@il@@i	1
n@@eo@@h@@u@@i@@il@@k@@k@@a@@b@@o@@n@@y@@a	1
n@@eo@@h@@u@@i@@e@@g@@e@@s@@eo	1
n@@eo@@h@@u@@i@@e@@g@@e@@l@@o	1
n@@eo@@h@@n@@eu@@n@@j@@il@@a	1
n@@eo@@h@@n@@eu@@n@@d@@e	1
n@@eo@@h@@g@@o	1
n@@eo@@h@@-@@eo@@y@@a	1
n@@eo@@h@@-@@eo@@s@@s@@n@@eu@@n@@il@@a	1
n@@eo@@h@@-@@eo@@s@@s@@g@@eo@@n@@i@@w@@a	1
n@@eo@@h@@-@@eo@@s@@s@@d@@o@@d@@a	1
n@@eo@@g@@n@@eo@@g@@ha@@n@@d@@e	1
n@@eo	1
n@@e@@m@@o@@m@@g@@w@@a	1
n@@e@@g@@e@@s@@eo	1
n@@a@@w@@a@@s@@s@@-eu@@l	1
n@@a@@t@@a@@n@@a@@s@@y@@eo@@s@@s@@d@@a	1
n@@a@@t@@a@@n@@a@@s@@i@@n@@i	1
n@@a@@t@@a@@n@@a@@s@@a	1
n@@a@@t@@a@@n@@a@@j@@i	1
n@@a@@t@@a@@n@@a@@e@@s@@i@@m@@-eu@@l	1
n@@a@@t@@a@@n@@a@@e@@l@@k@@k@@o	1
n@@a@@t@@a@@n@@a@@e@@j@@i	1
n@@a@@s@@s@@d@@a@@g@@a	1
n@@a@@s@@i@@l	1
n@@a@@s@@a@@l@@o@@l@@eu@@l	1
n@@a@@s@@a@@l@@e@@s@@-eu@@l@@o@@b@@u@@t@@eo	1
n@@a@@s@@a@@l@@e@@s@@-@@il@@a@@n	1
n@@a@@p@@p@@eu@@m@@y@@eo@@n	1
n@@a@@o@@s@@i@@m@@a@@e	1
n@@a@@o@@s@@i@@l	1
n@@a@@o@@s@@a	1
n@@a@@o@@n@@i	1
n@@a@@o@@n@@eu@@n@@j@@il@@a	1
n@@a@@o@@n@@a	1
n@@a@@o@@g@@o	1
n@@a@@o@@d@@o@@e	1
n@@a@@n@@u@@n@@eu@@n@@il@@a	1
n@@a@@n@@u@@l@@s@@a@@e	1
n@@a@@n@@u@@l@@a	1
n@@a@@n@@u@@j@@i	1
n@@a@@n@@u@@eo	1
n@@a@@n@@l@@i	1
n@@a@@n@@j@@il@@a	1
n@@a@@n	1
n@@a@@m@@y@@eo	1
n@@a@@m@@u@@n@@eu@@n	1
n@@a@@m@@u@@m@@a@@d@@a	1
n@@a@@m@@u@@l@@eu@@l	1
n@@a@@m@@u@@g@@a@@j@@il@@eu@@l	1
n@@a@@m@@u@@e@@n@@eu@@n	1
n@@a@@m@@u@@e@@g@@e	1
n@@a@@m@@u@@e@@d@@o	1
n@@a@@m@@u	1
n@@a@@m@@p@@y@@eo@@n@@-eu@@l	1
n@@a@@m@@p@@u@@n@@g@@-@@i	1
n@@a@@m@@j@@i	1
n@@a@@m@@j@@a@@w@@a	1
n@@a@@m@@j@@a@@g@@a	1
n@@a@@m@@g@@y@@eo@@s@@s@@n@@a@@i@@d@@a	1
n@@a@@m@@b@@a@@n@@g	1
n@@a@@m@@-@@u@@i	1
n@@a@@m@@-@@e@@g@@e	1
n@@a@@l@@g@@w@@a	1
n@@a@@l@@g@@-@@a@@j@@i@@j@@i	1
n@@a@@l@@a@@y@@eo	1
n@@a@@l@@a@@n@@eu@@n	1
n@@a@@l@@a@@m@@a@@d@@a	1
n@@a@@l@@a@@i	1
n@@a@@l@@a	1
n@@a@@l@@-eu@@n	1
n@@a@@l@@-@@e@@d@@o	1
n@@a@@l	1
n@@a@@k@@k@@n@@eu@@n	1
n@@a@@j@@u@@n@@g@@k@@k@@a@@j@@i	1
n@@a@@j@@c@@h@@u@@n@@eu@@n	1
n@@a@@j@@-@@i@@m@@y@@eo@@n	1
n@@a@@j@@-@@a@@j@@il@@il@@a	1
n@@a@@j@@-@@a@@j@@i@@g@@o	1
n@@a@@i@@n@@j@@u@@l	1
n@@a@@h@@-eu@@l@@i@@n@@i	1
n@@a@@g@@w@@i@@n@@a	1
n@@a@@g@@m@@a@@n@@g@@c@@h@@i	1
n@@a@@g@@il@@eu@@l	1
n@@a@@g@@a@@s@@s@@n@@eu@@n@@il@@a	1
n@@a@@g@@a@@s@@s@@d@@eo@@l@@a	1
n@@a@@g@@a@@s@@s@@-eu@@l	1
n@@a@@g@@a@@s@@i@@m@@a@@e	1
n@@a@@g@@a@@s@@i@@d@@a	1
n@@a@@g@@a@@n@@i	1
n@@a@@g@@a@@n@@eu@@n@@d@@o@@d@@a	1
n@@a@@g@@a@@m@@y@@eo	1
n@@a@@g@@a@@m@@a@@e	1
n@@a@@g@@a@@l@@s@@a@@e	1
n@@a@@g@@a@@l	1
n@@a@@g@@a@@g@@eo@@n@@eu@@l	1
n@@a@@g@@a@@d@@eo@@n	1
n@@a@@g@@a@@d@@eo@@l@@a	1
n@@a@@g@@-@@w@@o@@n@@-@@e	1
n@@a@@e@@n@@i@@i@@k@@k@@a	1
n@@a@@e@@n@@d@@a	1
n@@a@@e@@n@@a@@n@@i	1
n@@a@@e@@m@@y@@eo@@n	1
n@@a@@e@@m@@y@@eo	1
n@@a@@e@@m@@il@@m@@a@@e	1
n@@a@@e@@l@@y@@eo@@w@@a	1
n@@a@@e@@l@@y@@eo@@o@@n	1
n@@a@@e@@l@@y@@eo@@g@@a@@n@@eu@@n	1
n@@a@@e@@l@@y@@eo@@g@@a@@j@@i@@d@@o	1
n@@a@@e@@l@@y@@eo@@d@@a@@g@@a	1
n@@a@@e@@l@@il@@i@@i@@d@@a	1
n@@a@@e@@l@@il@@a	1
n@@a@@e@@l@@i@@s@@i@@m@@a@@e	1
n@@a@@e@@l@@i@@n@@i	1
n@@a@@e@@l@@i@@c@@h@@i@@m@@a@@e	1
n@@a@@e@@j@@i	1
n@@a@@e@@i@@l	1
n@@a@@e@@g@@e@@l@@o	1
n@@a@@e@@eo@@j@@u@@m@@y@@eo	1
n@@a@@e@@eo@@b@@o@@n@@a@@e@@s@@i@@n	1
n@@a@@e@@eo@@b@@eo@@l@@i@@g@@o	1
n@@a@@d@@o@@e	1
n@@a@@d@@eo@@l@@a	1
n@@a@@d@@e@@u	1
n@@a@@b@@o@@d@@a	1
n@@a@@a@@w@@a@@s@@s@@g@@eo@@n@@eu@@l	1
n@@a@@a@@w@@a@@s@@eo	1
n@@a@@a@@o@@n@@j@@il@@a	1
n@@a@@a@@o@@n@@i	1
n@@a@@a@@o@@m@@a@@e	1
n@@a@@a@@o@@g@@eo@@n@@eu@@l	1
n@@a@@a@@o@@d@@eo@@l@@a	1
n@@a@@a@@g@@a@@s@@a	1
n@@a@@a@@g@@a@@g@@i@@d@@o	1
n@@a@@-eu@@n@@il@@a	1
n@@a@@-eu@@n@@i@@i@@d@@a	1
n@@a@@-eu@@m@@-eu@@l	1
n@@a	1
m@@y@@eo@@n@@l@@y@@u@@g@@w@@a@@n@@-eu@@l	1
m@@y@@eo@@n@@k@@i	1
m@@y@@eo@@n@@g@@s@@s@@i@@g	1
m@@y@@eo@@n@@g@@l@@y@@eo@@n@@g@@b@@a@@d@@-eu@@n	1
m@@y@@eo@@n@@g@@l@@y@@eo@@n@@g@@-eu@@l	1
m@@y@@eo@@n@@g@@j@@eo@@l@@-eu@@l	1
m@@y@@eo@@n@@g@@ha@@y@@eo@@s@@s@@n@@eu@@n@@y@@a	1
m@@y@@eo@@n@@g@@ha@@s@@y@@eo@@s@@s@@-eu@@n@@i	1
m@@y@@eo@@n@@g@@ha@@s@@i@@n@@d@@a@@e@@l@@o	1
m@@y@@eo@@n@@g@@ha@@s@@i@@n@@d@@a@@e	1
m@@y@@eo@@n@@g@@ha@@s@@i@@g@@o	1
m@@y@@eo@@n@@g@@ha@@n@@o@@n@@i	1
m@@y@@eo@@n@@g@@ha@@n@@j@@eu@@g	1
m@@y@@eo@@n@@g@@ha@@n	1
m@@y@@eo@@n@@g@@ha@@m@@g@@w@@a	1
m@@y@@eo@@n@@g@@-@@e@@g@@e	1
m@@y@@eo@@n@@g	1
m@@y@@eo@@l@@s@@il@@eu@@l	1
m@@y@@eo@@l@@s@@i@@ha@@n@@eu@@n	1
m@@y@@eo@@l@@m@@a@@n@@g@@-@@u@@i	1
m@@y@@eo@@l@@m@@a@@n@@g@@-@@i	1
m@@y@@eo@@l@@ha@@y@@eo@@s@@s@@n@@eu@@n@@il@@a	1
m@@y@@eo@@l@@ha@@y@@eo@@s@@s@@-eu@@m@@y@@eo	1
m@@y@@eo@@l@@ha@@n@@eu@@n	1
m@@y@@eo@@l@@ha@@l@@k@@k@@a	1
m@@y@@eo@@l@@ha@@l@@a	1
m@@y@@eo@@c@@h@@il@@-@@i	1
m@@y@@eo@@c@@h@@g@@w@@a@@n@@g@@j@@u@@l@@il@@eu@@l	1
m@@y@@eo@@c@@h@@g@@a@@e@@n@@a	1
m@@y@@eo@@c@@h@@-@@i	1
m@@y@@eo@@c@@h	1
m@@u@@s@@o@@ha@@j@@i	1
m@@u@@s@@eo@@w@@o@@m@@a@@l@@l@@a	1
m@@u@@s@@eo@@w@@o@@ha@@n@@eu@@n@@j@@il@@a	1
m@@u@@s@@eo@@w@@o@@ha@@m@@eu@@l@@o	1
m@@u@@s@@eo@@w@@o@@ha@@d@@eo@@n@@i	1
m@@u@@s@@eo@@w@@o@@ha@@d@@eo@@l@@a	1
m@@u@@s@@eo@@w@@o	1
m@@u@@s@@eo@@u@@n	1
m@@u@@s@@eo@@n@@g@@ha@@y@@eo	1
m@@u@@s@@-@@s@@a@@l@@a@@m@@-eu@@l	1
m@@u@@s@@-@@s@@a@@l@@a@@m@@-@@u@@i	1
m@@u@@s	1
m@@u@@n@@j@@i@@g@@i@@e@@g@@e	1
m@@u@@n@@eo@@t@@t@@eu@@l@@y@@eo@@j@@il@@il@@a	1
m@@u@@n@@eo@@j@@y@@eo	1
m@@u@@n@@eo@@j@@il@@a	1
m@@u@@n@@eo@@j@@i@@n@@eu@@n@@il@@a	1
m@@u@@n@@d@@u@@n@@g@@b@@y@@eo@@n@@g@@j@@a@@g@@a	1
m@@u@@n@@d@@u@@n@@g@@b@@y@@eo@@n@@g@@j@@a	1
m@@u@@n@@d@@u@@n@@g@@b@@y@@eo@@n@@g	1
m@@u@@n@@d@@u@@n@@g@@-@@i@@g@@a	1
m@@u@@n@@d@@u@@n@@g@@-@@i	1
m@@u@@n@@-eu@@l	1
m@@u@@n@@-@@u@@i@@ha@@d@@o@@e	1
m@@u@@n@@-@@u@@i	1
m@@u@@n@@-@@e	1
m@@u@@n@@-@@a@@n@@ha@@j@@i@@m@@a@@l@@m@@y@@eo	1
m@@u@@n@@-@@a@@n@@ha@@g@@eo@@n@@eu@@l	1
m@@u@@n	1
m@@u@@l@@l@@o	1
m@@u@@l@@l@@i@@c@@h@@il@@a	1
m@@u@@l@@l@@eo@@g@@a@@s@@a	1
m@@u@@l@@l@@eo@@g@@a@@l@@a	1
m@@u@@l@@i@@y@@eo	1
m@@u@@l@@i@@n@@eu@@n	1
m@@u@@l@@i@@d@@o	1
m@@u@@l@@i@@d@@eu@@l@@-@@i	1
m@@u@@l@@g@@y@@eo@@l@@-eu@@l	1
m@@u@@l@@g@@y@@eo@@l@@-@@i	1
m@@u@@l@@g@@eo@@n@@-eu@@l	1
m@@u@@l@@eu@@p@@-eu@@l	1
m@@u@@l@@d@@o	1
m@@u@@l@@-eu@@s@@i@@n@@j@@eu@@g	1
m@@u@@l@@-eu@@s@@i@@n@@i	1
m@@u@@l@@-eu@@s@@i@@n@@a@@i@@k@@k@@a	1
m@@u@@l@@-eu@@n@@i	1
m@@u@@l@@-eu@@n@@d@@a@@e	1
m@@u@@l@@-@@eo@@d@@o	1
m@@u@@l@@-@@e@@s@@eo	1
m@@u@@l@@-@@e	1
m@@u@@j@@eo@@g@@a@@e@@n@@g@@-eu@@l@@o	1
m@@u@@h@@w@@a@@g@@w@@a@@n@@a@@m@@u@@w@@a	1
m@@u@@h@@w@@a@@g@@w@@a@@n@@a@@m@@u@@u@@i	1
m@@u@@h@@w@@a@@g@@w@@a@@n@@a@@m@@u@@l@@eu@@l	1
m@@u@@h@@w@@a@@g@@w@@a@@n@@a@@m@@u@@g@@a	1
m@@u@@h@@w@@a@@g@@w@@a@@l@@eu@@l	1
m@@u@@h@@w@@a@@g@@w@@a	1
m@@u@@g@@y@@o@@j@@eo@@l@@-@@u@@i	1
m@@u@@g@@y@@o@@j@@eo@@l@@-@@il@@a	1
m@@u@@g@@y@@o@@j@@eo@@l@@-@@il@@-@@i	1
m@@u@@g@@y@@o@@j@@eo@@l@@-@@i	1
m@@u@@g@@u@@n@@g@@ha@@l@@il@@a	1
m@@u@@eo@@s@@g@@w@@a	1
m@@u@@eo@@s@@-@@il@@k@@k@@a	1
m@@u@@eo@@s@@-@@il@@a	1
m@@u@@eo@@s@@-@@i@@n@@j@@i	1
m@@u@@eo@@s@@-@@i@@n@@i@@i@@k@@k@@a	1
m@@u@@eo@@s@@-@@i@@n@@a	1
m@@u@@eo@@s@@-@@i	1
m@@u@@d@@n@@o@@n@@i	1
m@@u@@d@@n@@eu@@n	1
m@@u@@d@@j@@a@@w@@a	1
m@@u@@d@@j@@a@@o@@n@@i	1
m@@u@@d@@g@@o	1
m@@u@@d@@g@@eo@@n@@eu@@l	1
m@@u@@d@@eo@@m@@g@@w@@a	1
m@@u@@d@@eo@@m@@-eu@@l@@o	1
m@@u@@d@@eo@@m@@-eu@@l	1
m@@u@@-@@i@@g@@ha@@n	1
m@@o@@y@@o@@g@@ha@@y@@eo	1
m@@o@@y@@o@@g@@ha@@s@@i@@m@@-@@i@@n@@i@@i@@d@@a	1
m@@o@@y@@eo@@s@@s@@d@@a@@g@@a	1
m@@o@@y@@eo@@s@@s@@-eu@@l	1
m@@o@@y@@a@@n@@g@@-eu@@l@@o	1
m@@o@@s@@ha@@y@@eo@@s@@s@@n@@o@@l@@a	1
m@@o@@s@@ha@@y@@eo@@s@@s@@n@@eu@@n@@il@@a	1
m@@o@@s@@ha@@y@@eo@@s@@s@@n@@a@@n@@i	1
m@@o@@s@@ha@@y@@eo@@s@@s@@n@@a@@i@@k@@k@@a	1
m@@o@@s@@ha@@y@@eo@@s@@s@@g@@o	1
m@@o@@s@@ha@@y@@eo@@s@@s@@g@@eo@@n@@i@@w@@a	1
m@@o@@s@@ha@@y@@eo@@s@@s@@d@@eo@@l@@a	1
m@@o@@s@@ha@@y@@eo@@s@@s@@d@@a	1
m@@o@@s@@ha@@y@@eo@@s@@s@@-eu@@n@@i	1
m@@o@@s@@ha@@s@@y@@eo@@s@@s@@n@@a@@i@@k@@k@@a	1
m@@o@@s@@ha@@s@@i@@m@@-@@i	1
m@@o@@s@@ha@@s@@i@@g@@o	1
m@@o@@s@@ha@@n@@eu@@n@@y@@o	1
m@@o@@s@@ha@@n@@eu@@n@@d@@o@@d@@a	1
m@@o@@s@@ha@@n@@d@@a	1
m@@o@@s@@ha@@n@@a	1
m@@o@@s@@ha@@m@@eu@@l@@o	1
m@@o@@s@@ha@@m@@-@@i@@n@@il@@a	1
m@@o@@s@@ha@@m@@-@@i@@n@@i@@i@@d@@a	1
m@@o@@s@@ha@@l@@j@@i@@n@@il@@a	1
m@@o@@s@@ha@@l@@j@@i@@n@@d@@a@@e	1
m@@o@@s@@ha@@l@@i@@n@@i	1
m@@o@@s@@ha@@g@@eo@@n@@eu@@l	1
m@@o@@s@@ha@@g@@eo@@d@@eu@@n	1
m@@o@@s@@ha@@g@@e@@s@@s@@n@@a@@i@@d@@a	1
m@@o@@s@@ha@@d@@eo@@n	1
m@@o@@s@@e@@n@@eu@@n	1
m@@o@@s@@e@@g@@a	1
m@@o@@s@@e@@e@@g@@e	1
m@@o@@s@@e@@d@@o	1
m@@o@@s@@d@@o@@e@@eo	1
m@@o@@s@@b@@a@@g@@h@@i@@n	1
m@@o@@m@@g@@w@@a	1
m@@o@@m@@d@@o	1
m@@o@@m@@-@@u@@i	1
m@@o@@m@@-@@il@@a	1
m@@o@@m@@-@@i@@n@@il@@a	1
m@@o@@l@@eu@@n@@eu@@n	1
m@@o@@l@@eu@@n@@d@@a@@g@@o	1
m@@o@@l@@eu@@n@@a@@n@@i	1
m@@o@@l@@eu@@g@@o	1
m@@o@@l@@eu@@g@@e	1
m@@o@@l@@-@@y@@a@@g@@-eu@@l	1
m@@o@@i@@n@@eu@@n	1
m@@o@@i@@n	1
m@@o@@i@@g@@eo@@n@@eu@@l	1
m@@o@@i@@eo	1
m@@o@@i@@d@@eo@@l@@a	1
m@@o@@g@@s@@u@@m@@-@@i	1
m@@o@@g@@j@@a@@l@@eu@@l	1
m@@o@@d@@eu@@n@@g@@eo@@s@@-@@i	1
m@@o@@c@@h@@i@@n@@-@@i@@n@@il@@a	1
m@@o@@c@@h@@i@@n@@-@@i@@m@@y@@eo	1
m@@o@@-eu@@s@@a	1
m@@o@@-eu@@l@@il@@a	1
m@@o@@-eu@@j@@i	1
m@@o@@-eu@@g@@o	1
m@@il@@y@@eo@@n@@ha@@g@@o	1
m@@il@@d@@eo@@l@@a	1
m@@i@@w@@o@@ha@@y@@eo	1
m@@i@@w@@o@@ha@@n@@eu@@n	1
m@@i@@w@@o@@ha@@m@@y@@eo	1
m@@i@@w@@o@@ha@@g@@o	1
m@@i@@s@@eo@@g@@g@@w@@a	1
m@@i@@n@@m@@a@@n@@g@@h@@i	1
m@@i@@n@@j@@o@@g@@d@@eu@@l@@-@@i	1
m@@i@@n@@a@@i@@d@@a	1
m@@i@@m@@y@@eo@@n@@g@@-@@e	1
m@@i@@l	1
m@@i@@h@@o@@g@@k@@e	1
m@@i@@d@@n@@a@@i@@d@@a	1
m@@i@@d@@g@@e	1
m@@i@@d@@d@@eo@@n	1
m@@i@@d@@d@@a@@g@@a	1
m@@i@@d@@-eu@@m@@-eu@@n	1
m@@i@@d@@-@@eo	1
m@@i@@c@@h@@y@@eo@@s@@s@@d@@a	1
m@@eu@@n@@a@@g@@a	1
m@@eu@@n@@a	1
m@@eo@@n@@j@@il@@eu@@l	1
m@@eo@@n@@j@@eo@@w@@a@@s@@eo	1
m@@eo@@n@@d@@e	1
m@@eo@@n	1
m@@eo@@m@@u@@s@@y@@eo@@s@@s@@d@@eo@@l@@a	1
m@@eo@@m@@u@@l@@g@@eo@@s@@-@@i@@y@@o	1
m@@eo@@l@@l@@i@@ha@@g@@o	1
m@@eo@@l@@j@@j@@i@@g@@-@@i	1
m@@eo@@l@@i@@t@@eo@@l@@l@@o	1
m@@eo@@l@@i@@t@@eo@@l@@k@@k@@a@@j@@i@@d@@o	1
m@@eo@@l@@i@@t@@eo@@l	1
m@@eo@@l@@i	1
m@@eo@@l@@d@@o@@d@@a	1
m@@eo@@g@@n@@eu@@n@@g@@a	1
m@@eo@@g@@n@@eu@@n@@d@@a	1
m@@eo@@g@@n@@a@@i@@k@@k@@a	1
m@@eo@@g@@n@@a@@i@@d@@a	1
m@@eo@@g@@j@@i	1
m@@eo@@g@@eu@@m@@g@@e	1
m@@eo@@g@@d@@eo@@n	1
m@@eo@@g@@-eu@@n@@i	1
m@@eo@@g@@-@@i@@n	1
m@@eo@@g@@-@@i@@j@@i	1
m@@eo@@g@@-@@eo	1
m@@e@@w@@o	1
m@@e@@n	1
m@@a@@t@@t@@a@@n@@g@@ha@@n@@il@@a	1
m@@a@@t@@t@@a@@n@@g@@h@@i	1
m@@a@@t@@t@@a@@n@@g@@c@@h@@i	1
m@@a@@t@@g@@il@@il@@a	1
m@@a@@t@@g@@i@@m@@y@@eo	1
m@@a@@t@@-eu@@n	1
m@@a@@t@@-@@a	1
m@@a@@s@@o@@s@@eo	1
m@@a@@s@@il@@k@@k@@a	1
m@@a@@s@@il@@a	1
m@@a@@s@@i@@u@@g@@o	1
m@@a@@s@@i@@n@@eu@@n@@y@@a	1
m@@a@@s@@i@@n@@a@@i@@d@@a	1
m@@a@@s@@i@@m@@a@@e	1
m@@a@@s@@i@@j@@i	1
m@@a@@o@@b@@s@@o@@s@@eo	1
m@@a@@n@@n@@a@@n@@j@@il@@a	1
m@@a@@n@@n@@a@@n@@i	1
m@@a@@n@@n@@a@@j@@i	1
m@@a@@n@@n@@a@@d@@a	1
m@@a@@n@@m@@i@@n@@-@@u@@i	1
m@@a@@n@@m@@i@@n@@-@@e@@g@@e	1
m@@a@@n@@l@@y@@u@@ha@@l@@y@@eo	1
m@@a@@n@@j@@y@@eo@@b@@o@@l@@a	1
m@@a@@n@@j@@y@@eo	1
m@@a@@n@@j@@o@@g@@-eu@@l	1
m@@a@@n@@j@@il@@y@@eo@@g@@o	1
m@@a@@n@@h@@d@@o@@e	1
m@@a@@n@@h@@-eu@@s@@i@@n	1
m@@a@@n@@h@@-eu@@n@@il@@a	1
m@@a@@n@@h@@-eu@@n@@i@@i@@d@@a	1
m@@a@@n@@h@@-eu@@n@@g@@o@@l@@o	1
m@@a@@n@@h@@-eu@@n@@g@@o	1
m@@a@@n@@h@@-eu@@n@@a	1
m@@a@@n@@h@@-eu@@m@@-@@i@@n@@i@@i@@d@@a	1
m@@a@@n@@h@@-@@a	1
m@@a@@n@@g@@u@@g@@-eu@@l	1
m@@a@@n@@g@@u@@g@@-@@e	1
m@@a@@n@@g@@ha@@n@@eu@@n@@il@@a	1
m@@a@@n@@g@@d@@a@@e@@l@@eu@@l	1
m@@a@@n@@d@@eu@@s@@y@@eo@@s@@s@@-eu@@n@@i	1
m@@a@@n@@d@@eu@@s@@i@@n	1
m@@a@@n@@d@@eu@@l@@l@@a	1
m@@a@@n@@d@@eu@@l@@j@@a	1
m@@a@@n@@d@@eu@@l@@g@@o	1
m@@a@@n@@d@@eu@@l@@-@@eo@@s@@s@@n@@a@@i@@d@@a	1
m@@a@@n@@d@@eu@@l@@-@@eo@@s@@s@@d@@o@@d@@a	1
m@@a@@n@@d@@eu@@l@@-@@eo	1
m@@a@@n@@-@@e	1
m@@a@@l@@s@@s@@eu@@m@@m@@a@@n	1
m@@a@@l@@s@@s@@eu@@m@@ha@@s@@i@@n@@i	1
m@@a@@l@@s@@s@@eu@@m@@ha@@g@@eo@@n@@eu@@l	1
m@@a@@l@@s@@s@@eu@@m@@-eu@@n	1
m@@a@@l@@s@@s@@eu@@m@@-eu@@l@@o	1
m@@a@@l@@s@@s@@eu@@m@@-@@il@@a	1
m@@a@@l@@s@@s@@eu@@m@@-@@i@@y@@o	1
m@@a@@l@@s@@s@@eu@@m@@-@@i@@n@@g@@o	1
m@@a@@l@@l@@i@@i@@k@@k@@a	1
m@@a@@l@@l@@a@@s@@s@@n@@a@@i@@d@@a	1
m@@a@@l@@l@@a@@s@@s@@g@@o	1
m@@a@@l@@l@@a@@g@@o	1
m@@a@@l@@j@@i@@eo@@d@@a	1
m@@a@@l@@il@@eu@@l	1
m@@a@@l@@i@@g@@a	1
m@@a@@l@@i@@a@@y@@eo	1
m@@a@@l@@i@@a@@n@@eu@@n	1
m@@a@@l@@i@@a@@-@@e@@g@@e	1
m@@a@@l@@ha@@y@@eo@@s@@s@@n@@o@@l@@a	1
m@@a@@l@@ha@@n@@il@@a	1
m@@a@@l@@ha@@n@@eu@@n@@j@@il@@a	1
m@@a@@l@@ha@@n@@d@@a@@e	1
m@@a@@l@@ha@@m@@y@@eo	1
m@@a@@l@@ha@@m@@a@@e	1
m@@a@@l@@ha@@m@@-eu@@l	1
m@@a@@l@@ha@@m@@-@@i@@n@@il@@a	1
m@@a@@l@@ha@@l@@a@@g@@o	1
m@@a@@l@@ha@@g@@e	1
m@@a@@l@@ha@@d@@eo@@l@@a	1
m@@a@@l@@eu@@m@@a@@e	1
m@@a@@l@@eu@@d@@a@@l@@a	1
m@@a@@l@@-@@i@@n@@y@@a	1
m@@a@@l@@-@@i@@n@@il@@a	1
m@@a@@l@@-@@a@@y@@a	1
m@@a@@l@@-@@a@@j@@i@@i@@d@@a	1
m@@a@@j@@u	1
m@@a@@j@@c@@h@@u@@n@@i	1
m@@a@@j@@c@@h@@u@@n@@eu@@n	1
m@@a@@j@@-eu@@n@@p@@y@@eo@@n	1
m@@a@@j@@-eu@@l@@s@@a@@e	1
m@@a@@j@@-eu@@l@@il@@a	1
m@@a@@g@@u@@e@@s@@eo	1
m@@a@@g@@h@@y@@eo	1
m@@a@@g@@d@@a@@l@@l@@a@@i@@n@@-@@il@@a	1
m@@a@@g@@-eu@@m@@eu@@l@@o	1
m@@a@@g@@-@@a@@s@@s@@n@@eu@@n@@il@@a	1
m@@a@@g@@-@@a@@s@@s@@g@@o	1
m@@a@@e@@y@@eo	1
m@@a@@e@@y@@a@@n@@g	1
m@@a@@e@@s@@d@@o@@l@@-eu@@l	1
m@@a@@e@@n@@g@@s@@e@@ha@@d@@o@@e	1
m@@a@@e@@n@@g@@l@@y@@eo@@l@@h@@i	1
m@@a@@e@@m@@a@@e@@ha@@n@@eu@@n	1
m@@a@@e@@j@@il@@ha@@g@@e@@s@@s@@-eu@@m@@y@@eo	1
m@@a@@e@@j@@h@@i@@n	1
m@@a@@e@@j@@g@@o	1
m@@a@@e@@j@@-@@j@@i	1
m@@a@@e@@i@@u@@g@@o	1
m@@a@@e@@i@@n	1
m@@a@@e@@i@@m@@-@@e@@s@@eo	1
m@@a@@d@@a@@n@@g@@-eu@@l	1
m@@a@@c@@h@@i@@s@@i@@m@@a@@e	1
m@@a@@c@@h@@i@@s@@i@@g@@o	1
m@@a@@c@@h@@i@@g@@o	1
m@@a@@-eu@@m@@-eu@@n	1
m@@a@@-eu@@m@@-eu@@l@@o	1
m@@a@@-eu@@m@@-@@e@@s@@eo	1
m@@a@@-eu@@m@@-@@e@@n@@eu@@n	1
m@@a@@-eu@@m	1
m@@a@@-eu@@l@@l@@o	1
m@@a@@-eu@@l@@g@@w@@a	1
m@@a@@-eu@@l@@d@@eu@@l@@l@@o	1
m@@a@@-eu@@l	1
l@@y@@o	1
l@@y@@eo@@n@@g	1
l@@y@@e	1
l@@u@@s@@a@@n@@i@@a@@g@@a	1
l@@u@@p@@o@@u@@i	1
l@@o@@s@@-@@i	1
l@@o	1
l@@eu@@l	1
l@@e@@w@@il@@a	1
l@@a@@m@@a	1
l@@a@@g@@o	1
k@@k@@w@@e@@eo	1
k@@k@@u@@m@@i@@n	1
k@@k@@u@@l@@h@@g@@o	1
k@@k@@u@@j@@i@@j@@-eu@@s@@i@@n@@d@@a@@e	1
k@@k@@u@@j@@i@@j@@-eu@@s@@i@@m@@y@@eo	1
k@@k@@u@@j@@i@@j@@-eu@@s@@a	1
k@@k@@o@@g@@d@@a@@e@@g@@i@@e	1
k@@k@@o@@e@@ha@@n@@i	1
k@@k@@o@@e@@ha@@d@@o@@e	1
k@@k@@o@@c@@h	1
k@@k@@eu@@t@@k@@k@@a@@j@@i	1
k@@k@@eu@@t@@-eu@@l@@o	1
k@@k@@eu@@t@@-@@i	1
k@@k@@eu@@t@@-@@e	1
k@@k@@eu@@l@@l@@y@@eo	1
k@@k@@eu@@l@@-@@eo@@g@@a@@l@@a	1
k@@k@@eu@@l@@-@@eo@@g@@a@@g@@o	1
k@@k@@eu@@l@@-@@eo@@d@@eu@@l@@-@@y@@eo	1
k@@k@@eu@@l@@-@@eo	1
k@@k@@eo@@l@@i@@n@@eu@@n	1
k@@k@@a@@m@@a@@g@@w@@il@@eu@@l	1
k@@k@@a@@eu@@m@@y@@eo	1
k@@k@@a@@e@@w@@o	1
k@@k@@a@@e@@t@@t@@eu@@l@@i@@g@@o	1
k@@k@@a@@e@@s@@a	1
k@@k@@a@@e@@k@@k@@eu@@s@@ha@@y@@eo@@j@@i@@n@@j@@il@@a	1
k@@k@@a@@e@@k@@k@@eu@@s@@ha@@l@@il@@a	1
k@@k@@a@@e@@k@@k@@eu@@s@@-@@i	1
k@@k@@a@@e@@d@@a@@l@@-eu@@n@@il@@a	1
k@@k@@a@@e@@d@@a@@l@@-eu@@l@@j@@i@@n@@j@@eo	1
k@@k@@a@@e@@d@@a@@d@@j@@i@@d@@o	1
k@@k@@a@@e@@d@@a@@d@@g@@e	1
k@@k@@a@@b@@u@@l@@eu@@d@@eu@@s	1
k@@i@@g@@a	1
k@@eu@@n@@s@@o@@l@@il@@eu@@l	1
k@@eu@@n@@-@@i@@g@@a	1
k@@eu@@m@@-@@il@@a	1
k@@eu@@l	1
k@@eu@@g@@o@@j@@a	1
k@@a@@l@@n@@a@@l@@-@@e	1
j@@w@@a@@u@@g@@a	1
j@@u@@s@@y@@eo@@s@@s@@-eu@@n@@i	1
j@@u@@s@@il@@il@@a	1
j@@u@@s@@il@@i@@n@@i	1
j@@u@@s@@il@@a	1
j@@u@@s@@i@@n@@eu@@n	1
j@@u@@s@@i@@n@@d@@a@@e	1
j@@u@@s@@i@@m@@a@@e	1
j@@u@@n@@o@@l@@a	1
j@@u@@n@@i	1
j@@u@@n@@ha@@e@@n@@g@@c@@h@@i	1
j@@u@@n@@g@@s@@i@@m@@-@@e	1
j@@u@@n@@g@@p@@u@@n@@g@@h@@w@@a@@n@@j@@a@@-@@e@@g@@e	1
j@@u@@n@@g@@p@@u@@n@@g@@b@@y@@eo@@n@@g@@j@@a@@u@@i	1
j@@u@@n@@g@@ha@@y@@eo@@j@@y@@eo@@s@@s@@d@@eo@@n	1
j@@u@@n@@g@@ha@@n@@il@@a	1
j@@u@@n@@g@@ha@@n	1
j@@u@@n@@g@@ha@@g@@o	1
j@@u@@n@@g@@h@@i	1
j@@u@@n@@g@@-@@e@@s@@eo@@d@@o	1
j@@u@@n@@b@@i@@ha@@y@@eo@@s@@s@@n@@eu@@n@@il@@a	1
j@@u@@n@@b@@i@@ha@@y@@eo@@s@@s@@n@@a@@i@@d@@a	1
j@@u@@n@@b@@i@@d@@o@@e@@eo@@s@@s@@n@@a@@i@@d@@a	1
j@@u@@n@@a	1
j@@u@@m@@u@@s@@i@@d@@eo@@n@@i	1
j@@u@@m@@o@@g@@ha@@y@@eo	1
j@@u@@m@@eo@@n@@il@@eu@@l	1
j@@u@@m@@eo@@n@@i@@w@@a	1
j@@u@@m@@eo@@n@@i@@d@@o	1
j@@u@@m@@eo@@g@@-eu@@l@@o	1
j@@u@@l@@y@@eo@@g@@o	1
j@@u@@l@@il@@il@@o@@d@@a	1
j@@u@@l@@i@@n@@i	1
j@@u@@l@@i@@n	1
j@@u@@j@@a@@n@@g@@ha@@n@@eu@@n	1
j@@u@@j@@a@@e@@i@@s@@i@@n	1
j@@u@@g@@w@@a@@n@@ha@@m@@y@@eo	1
j@@u@@g@@w@@a@@n@@ha@@g@@o	1
j@@u@@g@@o@@j@@a	1
j@@u@@g@@n@@eu@@n@@g@@u@@n@@a	1
j@@u@@g@@n@@eu@@n@@d@@e@@d@@o	1
j@@u@@g@@n@@eu@@n@@d@@e	1
j@@u@@g@@j@@i	1
j@@u@@g@@g@@i	1
j@@u@@g@@g@@e@@s@@s@@n@@a@@i@@d@@a	1
j@@u@@g@@eo@@n@@i@@w@@a	1
j@@u@@g@@e@@s@@s@@s@@a@@o@@m@@y@@eo	1
j@@u@@g@@e@@s@@s@@n@@eu@@n@@y@@a	1
j@@u@@g@@-eu@@n@@j@@i	1
j@@u@@g@@-@@y@@eo@@s@@s@@n@@eu@@n@@il@@a	1
j@@u@@g@@-@@y@@eo	1
j@@u@@g@@-@@il@@a	1
j@@u@@g@@-@@i@@n@@j@@il@@a	1
j@@u@@g@@-@@i@@n@@eu@@n	1
j@@u@@g@@-@@i@@m@@y@@eo	1
j@@u@@g@@-@@i@@j@@a	1
j@@u@@g@@-@@i@@g@@e	1
j@@u@@g@@-@@eo@@s@@s@@d@@eo@@n	1
j@@u@@g@@-@@eo@@s@@s@@d@@a	1
j@@u@@g@@-@@eo@@s@@s@@-eu@@l@@k@@k@@a	1
j@@u@@eo@@s@@s@@d@@eo@@n@@i	1
j@@u@@eo@@l@@a	1
j@@u@@c@@h@@o@@l@@eu@@l	1
j@@u@@c@@h@@o@@-@@eo@@b@@s@@-@@i	1
j@@u@@-@@i@@n@@-eu@@l	1
j@@u@@-@@i@@n@@-@@u@@i	1
j@@o@@s@@a@@n@@g@@d@@eu@@l@@-@@il@@o@@d@@a	1
j@@o@@s@@a@@n@@g@@d@@eu@@l@@-@@i	1
j@@o@@s@@a@@n@@g@@-@@il@@a	1
j@@o@@n@@g@@y@@eo@@n@@g@@ha@@d@@o@@e	1
j@@o@@n@@g@@y@@eo@@n@@g@@-eu@@l	1
j@@o@@n@@g@@d@@eu@@l@@d@@o	1
j@@o@@n@@g@@d@@eu@@l@@-eu@@l	1
j@@o@@n@@g@@d@@eu@@l@@-@@e@@g@@e	1
j@@o@@n@@g@@d@@eo@@l@@eo	1
j@@o@@n@@g@@-@@u@@i	1
j@@o@@n@@g@@-@@il@@a	1
j@@o@@n@@g@@-@@i@@y@@eo	1
j@@o@@n@@g@@-@@a	1
j@@o@@m@@d@@o	1
j@@o@@l@@j@@i@@e	1
j@@o@@h@@d@@a	1
j@@o@@h@@-eu@@l@@p@@p@@eo@@n	1
j@@o@@h@@-eu@@l	1
j@@o@@h@@-@@a@@ha@@n@@eu@@n	1
j@@o@@g@@ha@@n@@il@@a	1
j@@o@@g@@ha@@n	1
j@@o@@g@@eu@@m@@d@@o	1
j@@o@@g@@a@@g@@-@@i	1
j@@o@@e@@w@@a	1
j@@o@@e@@s@@u	1
j@@o@@e@@i@@n@@d@@eu@@l@@g@@w@@a	1
j@@o@@e@@i@@n@@-@@il@@o@@s@@o@@i@@d@@a	1
j@@o@@e@@i@@n@@-@@i@@n	1
j@@o@@e@@i@@n@@-@@e@@g@@e	1
j@@o@@e@@i@@n	1
j@@o@@e@@d@@o	1
j@@o@@c@@h@@j@@i@@d@@o	1
j@@o@@c@@h@@j@@i	1
j@@o@@c@@h@@g@@e@@s@@s@@n@@a@@i@@d@@a@@m@@a@@n@@eu@@n	1
j@@o@@c@@h@@g@@e	1
j@@o@@c@@h@@-eu@@n@@i	1
j@@o@@c@@h@@-eu@@m@@-@@il@@eo@@l@@a	1
j@@o@@c@@h@@-eu@@l@@i@@i@@d@@a	1
j@@o@@c@@h@@-@@a@@s@@s@@d@@eo@@n@@i	1
j@@j@@u@@g@@j@@eo@@n@@g@@-@@i@@n@@eu@@n	1
j@@j@@o@@c@@h@@-eu@@s@@i@@m@@y@@eo	1
j@@j@@o@@c@@h@@-eu@@s@@i@@d@@eo@@l@@a	1
j@@j@@o@@c@@h@@-eu@@n@@j@@il@@a	1
j@@j@@o@@c@@h@@-@@a@@n@@a@@e@@s@@i@@n@@i	1
j@@j@@o@@c@@h@@-@@a@@n@@a@@e@@s@@i@@m@@g@@w@@a	1
j@@j@@o@@c@@h@@-@@a@@n@@a@@e@@n@@eu@@n@@y@@a	1
j@@j@@o@@c@@h@@-@@a@@n@@a@@e@@n@@eu@@n	1
j@@j@@o@@c@@h@@-@@a@@n@@a@@e@@m@@y@@eo@@n	1
j@@j@@o@@c@@h@@-@@a@@n@@a@@e@@m@@y@@eo	1
j@@j@@o@@c@@h@@-@@a@@n@@a@@e@@l	1
j@@j@@o@@c@@h@@-@@a@@n@@a@@e@@j@@i	1
j@@j@@o@@c@@h@@-@@a@@d@@a@@l@@l@@a	1
j@@j@@il@@l@@e@@e@@s@@eo	1
j@@j@@i@@j@@-eu@@n	1
j@@j@@i@@j@@-eu@@m@@y@@eo	1
j@@j@@i@@j@@-eu@@l	1
j@@j@@i@@j@@-@@eo@@j@@y@@eo	1
j@@j@@i@@j@@-@@eo@@j@@i@@n@@eu@@n@@j@@il@@a	1
j@@j@@i@@j@@-@@eo	1
j@@j@@i@@g@@h@@y@@eo	1
j@@j@@a@@n@@eu@@n	1
j@@j@@a@@j@@i@@d@@o	1
j@@j@@a@@g@@j@@i@@eo	1
j@@j@@a	1
j@@il@@eu@@s@@i@@g@@o	1
j@@il@@eu@@m@@y@@eo	1
j@@il@@b@@y@@eo@@n@@g@@-@@g@@w@@a	1
j@@i@@w@@o	1
j@@i@@s@@n@@eu@@n	1
j@@i@@s@@i@@g@@-@@u@@i	1
j@@i@@s@@g@@o	1
j@@i@@s@@d@@eo@@n@@i	1
j@@i@@p@@y@@eo@@s@@s@@d@@eo@@n	1
j@@i@@p@@y@@eo@@s@@s@@d@@a	1
j@@i@@p@@a@@n@@g@@-@@i@@n@@a	1
j@@i@@o@@g@@-@@e	1
j@@i@@o@@g	1
j@@i@@n@@s@@il@@ha@@n	1
j@@i@@n@@s@@eo@@l@@b@@y@@eo@@n@@g@@-eu@@l	1
j@@i@@n@@n@@o@@l@@eu@@l	1
j@@i@@n@@n@@o@@g@@a	1
j@@i@@n@@g@@j@@o@@d@@eu@@l@@-@@i	1
j@@i@@n@@a@@s@@i@@n@@d@@a	1
j@@i@@n@@a@@m@@y@@eo@@n	1
j@@i@@n@@a@@m@@a@@e	1
j@@i@@n@@a@@m@@-eu@@l	1
j@@i@@n@@a@@l@@s@@a@@e	1
j@@i@@n@@a@@g@@o	1
j@@i@@n@@a@@g@@a@@n@@eu@@n@@d@@e	1
j@@i@@n@@a@@g@@a@@n@@eu@@n	1
j@@i@@n@@a@@g@@a@@l	1
j@@i@@n@@a@@d@@a@@n@@i@@m@@-eu@@l	1
j@@i@@m@@-eu@@l	1
j@@i@@m@@-@@e	1
j@@i@@l	1
j@@i@@k@@i@@l	1
j@@i@@k@@i@@eo	1
j@@i@@j@@i@@n@@g@@w@@a	1
j@@i@@j@@i@@n@@-@@i	1
j@@i@@h@@y@@e@@l@@o@@u@@n	1
j@@i@@h@@y@@e@@l@@o@@u@@m@@-@@i@@n@@il@@a	1
j@@i@@h@@y@@e@@l@@o@@b@@g@@o	1
j@@i@@h@@y@@e@@l@@eu@@l	1
j@@i@@h@@y@@e@@i@@s@@s@@g@@o	1
j@@i@@g@@y@@eo@@n@@g@@-eu@@l@@o	1
j@@i@@g@@y@@eo@@n@@g@@-eu@@l	1
j@@i@@g@@y@@eo@@n@@g@@-@@g@@w@@a	1
j@@i@@g@@m@@u@@l@@eu@@l	1
j@@i@@g@@i	1
j@@i@@g@@eu@@m@@k@@k@@a@@j@@i	1
j@@i@@eo	1
j@@i@@b@@u@@n@@g@@-eu@@l	1
j@@i@@b@@u@@n@@g@@-@@e	1
j@@i@@b@@j@@u@@-@@i@@n@@-@@i	1
j@@i@@b@@j@@u@@-@@i@@n@@-@@e@@g@@e	1
j@@i@@b@@j@@o@@n@@g@@d@@eu@@l@@-eu@@l	1
j@@i@@b@@g@@w@@o@@n@@j@@a@@d@@eu@@l@@-eu@@n	1
j@@i@@b@@g@@w@@o@@n@@j@@a@@d@@eu@@l@@-@@i	1
j@@i@@b@@a@@n@@g@@-@@u@@i	1
j@@i@@b@@a@@n@@g@@-@@e@@s@@eo	1
j@@i@@b@@a@@n@@g@@-@@e	1
j@@i@@b@@-@@il@@a	1
j@@i@@b@@-@@eo	1
j@@eu@@n@@g@@-@@i@@n@@-eu@@l	1
j@@eu@@n@@g@@-@@i@@n@@-@@il@@a	1
j@@eu@@n@@g@@-@@g@@eo@@ha@@s@@i@@n@@il@@a	1
j@@eu@@n@@g@@-@@g@@eo@@ha@@n@@eu@@n	1
j@@eu@@n@@g@@-@@g@@eo@@ha@@l@@a	1
j@@eu@@n@@g@@-@@g@@eo@@d@@o@@e@@l@@y@@eo	1
j@@eu@@n@@g@@-@@g@@eo@@d@@o	1
j@@eu@@l@@g@@eo@@w@@o@@ha@@j@@a	1
j@@eu@@g@@s@@il@@o	1
j@@eu@@b	1
j@@eo@@w@@a	1
j@@eo@@n@@y@@eo@@g@@-@@i@@n@@a	1
j@@eo@@n@@t@@o@@l@@eu@@l	1
j@@eo@@n@@p@@a@@ha@@y@@eo	1
j@@eo@@n@@p@@a@@ha@@m@@y@@eo	1
j@@eo@@n@@p@@a@@ha@@l@@s@@a@@e	1
j@@eo@@n@@p@@a@@ha@@g@@o	1
j@@eo@@n@@p@@a@@d@@o@@e@@n@@eu@@n	1
j@@eo@@n@@p@@a@@d@@o@@e@@n@@d@@a	1
j@@eo@@n@@p@@a@@d@@o@@e@@l@@il@@a	1
j@@eo@@n@@p@@a@@d@@o@@e@@eo@@y@@a	1
j@@eo@@n@@p@@a@@d@@o@@e@@eo	1
j@@eo@@n@@l@@y@@e@@g@@a	1
j@@eo@@n@@l@@y@@e@@d@@a@@e@@l@@o	1
j@@eo@@n@@ha@@y@@eo@@y@@a	1
j@@eo@@n@@ha@@y@@eo@@s@@s@@-eu@@n@@a	1
j@@eo@@n@@ha@@y@@eo	1
j@@eo@@n@@ha@@s@@il@@s@@a@@e	1
j@@eo@@n@@ha@@s@@i@@l	1
j@@eo@@n@@ha@@m@@y@@eo	1
j@@eo@@n@@g@@t@@a@@m@@d@@eu@@l@@-eu@@l	1
j@@eo@@n@@g@@s@@a	1
j@@eo@@n@@g@@n@@y@@eo@@n@@g	1
j@@eo@@n@@g@@j@@o@@e@@ha@@j@@i@@m@@a@@l@@l@@a	1
j@@eo@@n@@g@@ha@@n	1
j@@eo@@n@@g@@ha@@g@@e	1
j@@eo@@n@@d@@o@@l@@eu@@l	1
j@@eo@@n@@d@@o@@ha@@s@@i@@g@@o	1
j@@eo@@n@@d@@o@@ha@@s@@i@@d@@eo@@l@@a	1
j@@eo@@n@@d@@o@@ha@@l@@i@@n@@i	1
j@@eo@@n@@d@@a@@e@@w@@a	1
j@@eo@@n@@d@@a@@e	1
j@@eo@@n@@c@@h@@e@@l@@o	1
j@@eo@@n@@b@@u@@l@@eu@@l	1
j@@eo@@n@@b@@u	1
j@@eo@@n@@b@@o@@d@@a	1
j@@eo@@n@@a@@l@@-@@e	1
j@@eo@@n@@-@@e@@n@@eu@@n	1
j@@eo@@m@@u@@l@@-@@eo	1
j@@eo@@m@@s@@i@@m@@-@@i@@n@@a	1
j@@eo@@m@@s@@i@@m	1
j@@eo@@l@@m@@-eu@@n	1
j@@eo@@l@@ha@@d@@eo@@l@@a	1
j@@eo@@l@@b@@a@@n@@-eu@@l	1
j@@eo@@j@@u@@ha@@s@@i@@n	1
j@@eo@@j@@u@@ha@@m@@y@@eo	1
j@@eo@@j@@-@@i	1
j@@eo@@h@@u@@il@@o	1
j@@eo@@h@@u@@i@@d@@o	1
j@@eo@@g@@s@@i@@g@@o	1
j@@eo@@g@@g@@e	1
j@@eo@@g@@eo@@s@@d@@o	1
j@@eo@@g@@-eu@@n@@i	1
j@@eo@@g@@-@@e	1
j@@eo@@d@@o	1
j@@eo@@d@@eo@@l@@eo	1
j@@e@@s@@a@@j@@a@@n@@g@@d@@eu@@l@@-@@e@@g@@e	1
j@@e@@s@@a@@j@@a@@n@@g@@-@@u@@i	1
j@@e@@s@@a@@j@@a@@n@@g@@-@@e@@g@@e	1
j@@e@@m@@u@@l@@b@@o@@d@@a	1
j@@e@@m@@o@@m@@g@@w@@a	1
j@@e@@j@@a@@n@@eu@@n	1
j@@e@@j@@a@@l@@o	1
j@@e@@j@@a@@d@@eu@@l@@-@@u@@i	1
j@@e@@j@@a@@d@@eu@@l	1
j@@e@@eo@@ha@@n@@eu@@n	1
j@@e@@eo@@ha@@m@@y@@eo	1
j@@e@@eo@@ha@@l	1
j@@e@@b@@il@@eu@@l	1
j@@e@@b@@i	1
j@@a@@s@@o@@n@@-@@i@@n@@i	1
j@@a@@s@@o@@n@@-@@i	1
j@@a@@s@@i@@g@@d@@eu@@l@@-@@i	1
j@@a@@s@@i@@g@@d@@eu@@l@@-@@a	1
j@@a@@s@@i@@g@@-eu@@l	1
j@@a@@s@@i@@g@@-@@i@@n@@a	1
j@@a@@s@@i@@g@@-@@i	1
j@@a@@s@@i@@g@@-@@e@@g@@e	1
j@@a@@s@@e@@h@@i	1
j@@a@@n@@y@@eo@@u@@i	1
j@@a@@n@@y@@eo@@l@@o	1
j@@a@@n@@y@@eo@@d@@eu@@l@@-eu@@n	1
j@@a@@n@@g@@w@@a	1
j@@a@@n@@g@@s@@a@@l@@eu@@l	1
j@@a@@n@@g@@l@@o@@d@@eu@@l@@-@@u@@i	1
j@@a@@n@@g@@l@@o@@d@@eu@@l@@-@@i	1
j@@a@@n@@g@@l@@o@@d@@eu@@l	1
j@@a@@n@@g@@l@@o	1
j@@a@@n@@g@@d@@a@@m@@ha@@y@@eo	1
j@@a@@n@@g@@-@@g@@a@@g@@a@@g@@o	1
j@@a@@n@@d@@a	1
j@@a@@n@@c@@h@@i@@ha@@l	1
j@@a@@n@@a	1
j@@a@@m@@j@@a@@m@@ha@@y@@eo	1
j@@a@@m@@j@@a@@m@@ha@@n@@il@@a	1
j@@a@@m@@j@@a@@m@@ha@@m@@y@@eo@@n	1
j@@a@@m@@j@@a@@m@@ha@@g@@eo@@n@@eu@@l	1
j@@a@@m@@g@@i@@g@@e	1
j@@a@@m@@g@@a@@n	1
j@@a@@m@@d@@eu@@n	1
j@@a@@m@@a@@e@@y@@o	1
j@@a@@m@@a@@e@@n@@a	1
j@@a@@m@@a@@d@@a	1
j@@a@@m@@-eu@@l	1
j@@a@@m@@-@@i	1
j@@a@@l@@l@@a	1
j@@a@@l@@i@@w@@a	1
j@@a@@l@@i@@g@@a	1
j@@a@@l@@i@@e	1
j@@a@@l@@ha@@s@@i@@n	1
j@@a@@l@@eu@@n@@i	1
j@@a@@l@@a@@s@@eo	1
j@@a@@l@@a@@n@@a@@s@@i@@n	1
j@@a@@l@@a@@g@@a@@m@@y@@eo	1
j@@a@@i@@n@@a	1
j@@a@@g@@o	1
j@@a@@g@@i@@n@@eu@@n	1
j@@a@@g@@i@@j@@i@@b	1
j@@a@@g@@i@@e@@g@@e@@s@@eo	1
j@@a@@g@@i@@e	1
j@@a@@g@@i@@d@@eu@@l	1
j@@a@@g@@b@@y@@eo@@l@@k@@e	1
j@@a@@e@@s@@a@@n@@-@@i	1
j@@a@@e@@s@@a@@n	1
j@@a@@e@@p@@a@@n@@j@@a@@n@@g@@-@@e@@g@@e	1
j@@a@@e@@n@@g@@-@@g@@il@@eu@@l	1
j@@a@@e@@n@@a@@n@@-@@u@@i	1
j@@a@@e@@m@@u@@l@@l@@o	1
j@@a@@e@@l@@i@@w@@a	1
j@@a@@e@@e	1
j@@a@@d@@eu@@l@@-@@i@@y@@eo	1
j@@a@@d@@eu@@l@@-@@e@@g@@e@@d@@o	1
j@@a@@b@@s@@u@@s@@il@@t@@t@@a@@e@@e	1
j@@a@@b@@s@@u@@s@@il@@eo	1
j@@a@@b@@s@@u@@s@@i@@n@@eu@@n	1
j@@a@@b@@s@@u@@s@@i@@l	1
j@@a@@b@@s@@u@@s@@i@@g@@il@@eu@@l	1
j@@a@@b@@s@@u@@s@@i@@g@@i	1
j@@a@@b@@s@@u@@s@@i@@g@@e	1
j@@a@@b@@s@@u@@g@@il@@eu@@l	1
j@@a@@b@@j@@i	1
j@@a@@b@@i@@ha@@s@@i@@m@@g@@a@@t@@-@@i	1
j@@a@@b@@i@@ha@@l@@a	1
j@@a@@b@@h@@i@@m@@a@@e	1
j@@a@@b@@g@@eo@@n@@eu@@l	1
j@@a@@b@@-eu@@n	1
j@@a@@b@@-eu@@m@@y@@eo@@n	1
j@@a@@b@@-eu@@l@@a	1
j@@a@@b@@-eu@@l	1
j@@a@@-@@e@@g@@e@@l@@a@@y@@a	1
j@@a@@-@@e@@g@@e@@d@@o	1
j@@a@@-@@e	1
il@@u@@n@@i	1
il@@u@@g@@i@@k@@k@@a@@j@@i	1
il@@u@@eo@@j@@i@@n@@eu@@n	1
il@@u@@eo@@j@@i@@n	1
il@@u@@eo@@j@@i@@i@@d@@a	1
il@@u@@eo	1
il@@l@@eo@@s@@s@@-eu@@d@@o@@e	1
il@@l@@eo@@l@@a	1
il@@l@@a@@g@@-@@e	1
il@@k@@eo@@l@@-eu@@n	1
il@@k@@eo@@l@@-eu@@l@@il@@a	1
il@@k@@eo@@l@@-eu@@l	1
il@@j@@j@@i@@g@@i	1
il@@j@@j@@eu@@m@@d@@o@@e@@eo	1
il@@ha@@l	1
il@@h@@g@@o	1
il@@h@@-eu@@m@@y@@eo@@n	1
il@@h@@-@@eo@@s@@s@@-eu@@m@@y@@eo@@n	1
il@@g@@u@@n@@d@@eu@@l@@-eu@@l	1
il@@g@@o@@b@@s@@a@@l@@a@@m@@-@@i	1
il@@g@@o@@b@@-eu@@l	1
il@@g@@o@@b@@-@@il@@o@@s@@o@@i@@d@@a	1
il@@g@@o@@b@@-@@i@@n@@i@@i@@d@@a	1
il@@g@@o@@b@@-@@i	1
il@@g@@n@@eu@@n@@y@@a	1
il@@g@@n@@eu@@n	1
il@@g@@-eu@@l@@y@@eo@@g@@o	1
il@@g@@-@@eo@@b@@o@@j@@i	1
il@@eu@@s@@i@@n@@d@@a@@e@@l@@o	1
il@@eu@@s@@i@@n	1
il@@eu@@s@@i@@m@@a@@e	1
il@@eu@@s@@a	1
il@@eu@@n@@j@@il@@a	1
il@@eu@@n@@il@@a	1
il@@eu@@n	1
il@@eu@@m@@ha@@n@@eu@@n	1
il@@eu@@l@@il@@a	1
il@@eu@@l@@eo@@s@@s@@d@@eo@@n@@i	1
il@@eu@@l@@eo@@s@@s@@-eu@@l	1
il@@eu@@l@@eo@@s@@eo@@d@@o	1
il@@eo@@ha@@n@@il@@a	1
il@@eo@@ha@@n	1
il@@eo@@ha@@l@@il@@a	1
il@@e@@e	1
il@@d@@o	1
il@@c@@h@@i@@ha@@g@@e	1
il@@-eu@@k@@y@@eo	1
il@@-@@w@@o@@l	1
il@@-@@u@@i	1
il@@-@@il@@-@@i	1
il@@-@@i@@n@@y@@o	1
il@@-@@i@@n@@y@@a	1
il@@-@@i@@n@@i	1
il@@-@@eo@@s@@eo@@s@@eo	1
il@@-@@eo@@s@@eo@@n@@il@@a	1
il@@-@@eo@@s@@eo@@l@@a	1
il@@-@@eo@@n@@a@@s@@y@@eo@@s@@s@@d@@a	1
il@@-@@eo@@n@@a@@s@@a	1
il@@-@@eo@@n@@a@@n@@i	1
il@@-@@eo@@n@@a@@n@@eu@@n@@y@@a	1
il@@-@@eo@@n@@a@@m@@y@@eo	1
il@@-@@eo@@n@@a@@m@@-eu@@l	1
il@@-@@eo@@n@@a@@g@@eo@@n@@eu@@l	1
il@@-@@eo@@a@@n@@j@@g@@o	1
il@@-@@e	1
i@@y@@eo	1
i@@y@@a@@g@@i@@ha@@s@@i@@m@@y@@eo	1
i@@y@@a@@g@@i@@ha@@m@@y@@eo	1
i@@y@@a@@g@@i@@ha@@d@@eo@@l@@a	1
i@@y@@a@@g@@i@@g@@a	1
i@@u@@s@@g@@w@@a	1
i@@t@@eu@@l@@-@@i	1
i@@s@@s@@s@@a@@o@@l@@i@@i@@k@@k@@a	1
i@@s@@s@@n@@o@@l@@a	1
i@@s@@s@@n@@eu@@n@@g@@eo@@s@@-eu@@l	1
i@@s@@s@@n@@eu@@n@@g@@a	1
i@@s@@s@@n@@eu@@n@@d@@e	1
i@@s@@s@@n@@eu@@n@@d@@a@@e@@l@@o	1
i@@s@@s@@n@@a@@i@@k@@k@@a	1
i@@s@@s@@g@@eo@@n@@i@@w@@a	1
i@@s@@s@@g@@e@@s@@s@@s@@a@@o@@m@@y@@eo	1
i@@s@@s@@g@@e@@s@@s@@-eu@@m@@-@@il@@o@@d@@a	1
i@@s@@s@@d@@o@@s@@o@@i@@d@@a	1
i@@s@@s@@d@@eo@@n@@y@@a	1
i@@s@@s@@d@@eo@@n	1
i@@s@@s@@-eu@@n@@il@@a	1
i@@s@@s@@-eu@@n	1
i@@s@@s@@-eu@@l@@t@@t@@a@@e@@e	1
i@@s@@s@@-eu@@l@@j@@i@@eo@@d@@a	1
i@@s@@s@@-eu@@d@@o@@e	1
i@@s@@s@@-@@eo@@s@@s@@d@@eo@@m@@y@@eo@@n	1
i@@s@@s@@-@@eo@@s@@s@@-eu@@n@@i	1
i@@s@@s@@-@@eo@@s@@eo@@n@@eu@@n	1
i@@s@@i@@b	1
i@@s@@eu@@l@@a@@-@@e@@l@@-@@e@@g@@e	1
i@@s@@eu@@l@@a@@-@@e@@l@@-@@a	1
i@@s@@eu@@l@@a@@-@@e@@l	1
i@@s@@a@@y@@a@@u@@i	1
i@@s@@a@@y@@a@@g@@a	1
i@@s@@a@@e@@n@@g@@-@@u@@i	1
i@@p@@s@@a@@g@@w@@il@@eu@@l	1
i@@n@@s@@a@@g@@a	1
i@@n@@j@@eo@@n@@g@@ha@@n@@i	1
i@@n@@j@@a@@l@@o@@u@@s@@i@@n@@il@@a	1
i@@n@@j@@a@@-@@e@@g@@e	1
i@@n@@j@@a@@-@@e	1
i@@n@@j@@a	1
i@@n@@il@@a	1
i@@n@@i	1
i@@n@@ha@@y@@eo@@s@@eo@@n@@eu@@n	1
i@@n@@d@@o@@ha@@l	1
i@@m@@ha@@y@@eo@@s@@s@@n@@eu@@n@@il@@a	1
i@@m@@ha@@s@@i@@g@@o	1
i@@m@@ha@@o@@b@@s@@i@@m@@y@@eo	1
i@@m@@ha@@n@@j@@il@@a	1
i@@m@@ha@@n@@eu@@n	1
i@@m@@ha@@n@@a@@i@@k@@k@@a	1
i@@m@@ha@@l	1
i@@m@@g@@eu@@m@@d@@eu@@l@@g@@w@@a	1
i@@m@@g@@eu@@m@@d@@eu@@l@@-eu@@n	1
i@@m@@g@@eu@@m@@d@@eu@@l	1
i@@m@@a@@n@@ha@@n	1
i@@m@@-@@u@@il@@o	1
i@@k@@k@@eu@@l@@l@@i@@s@@i@@m@@y@@eo	1
i@@j@@eo@@g@@g@@w@@a	1
i@@j@@eo@@g	1
i@@j@@e@@b@@u@@t@@eo	1
i@@j@@-@@eo@@s@@s@@-eu@@m@@a@@e	1
i@@j@@-@@eo@@b@@eo@@l@@i@@s@@i@@n@@eu@@n	1
i@@il@@-eu@@l	1
i@@h@@u@@e	1
i@@h@@o@@n@@j@@eu@@n@@g@@s@@eo@@l@@eu@@l	1
i@@g@@y@@eo@@n@@g@@-@@e@@n@@a	1
i@@g@@i@@l	1
i@@g@@eo@@s@@k@@k@@a@@j@@i	1
i@@g@@eo@@s@@-eu@@l@@o	1
i@@g@@eo@@s@@-@@il@@a	1
i@@g@@eo@@s@@-@@i	1
i@@e@@s@@eo	1
i@@e@@g@@e	1
i@@d@@u@@l@@a@@e@@w@@a	1
i@@d@@o	1
i@@d@@eu@@l@@-@@i@@n@@i	1
i@@d@@eo@@l@@eo	1
i@@c@@h@@eo@@n	1
i@@b@@s@@u@@l@@l@@o@@n@@eu@@n	1
i@@b@@m@@a@@j@@c@@h@@u@@j@@i	1
i@@b@@m@@a@@j@@c@@h@@u@@g@@il@@eu@@l	1
i@@b@@j@@i	1
i@@b@@h@@i@@u@@l	1
i@@b@@h@@i@@s@@i@@g@@eo@@d@@eu@@n	1
i@@b@@a@@n@@g@@-@@i@@n@@d@@eu@@l@@-@@e@@g@@e	1
i@@b@@a@@n@@g@@-@@e	1
i@@b@@-eu@@l@@o	1
i@@b@@-eu@@l@@k@@k@@a	1
i@@b@@-eu@@l	1
i@@b@@-@@eo	1
i@@b@@-@@e@@s@@eo	1
i@@b	1
ha@@y@@eo@@s@@s@@n@@eu@@n@@j@@il@@a	1
ha@@y@@eo@@s@@s@@n@@a@@i@@d@@a	1
ha@@y@@eo@@s@@s@@g@@o	1
ha@@y@@eo@@s@@s@@d@@o@@d@@a	1
ha@@y@@eo@@s@@s@@d@@a	1
ha@@y@@eo@@s@@s@@-eu@@m@@eu@@l@@o	1
ha@@y@@eo@@s@@s@@-eu@@l@@il@@a	1
ha@@y@@eo@@s@@s@@-eu@@l	1
ha@@y@@eo@@d@@o	1
ha@@s@@y@@eo@@s@@s@@d@@o@@d@@a	1
ha@@s@@y@@eo@@s@@s@@-eu@@n@@i	1
ha@@s@@o@@g@@d@@eu@@l@@-eu@@n	1
ha@@s@@il@@y@@eo@@ha@@n@@a	1
ha@@s@@il@@s@@u	1
ha@@s@@il@@il@@a	1
ha@@s@@i@@n@@j@@il@@a	1
ha@@s@@i@@n@@eu@@n	1
ha@@s@@i@@m@@-eu@@l	1
ha@@s@@i@@m@@-@@il@@eo@@l@@a	1
ha@@s@@i@@m@@-@@il@@a	1
ha@@s@@i@@g@@il@@eu@@l	1
ha@@s@@i@@d@@o@@d@@a	1
ha@@n@@s@@a@@l@@a@@m	1
ha@@n@@p@@y@@eo@@n	1
ha@@n@@g@@b@@o@@g@@ha@@n@@eu@@n	1
ha@@n@@g@@a@@j@@i@@m@@a@@n@@-@@il@@a@@d@@o	1
ha@@n@@eu@@n@@g@@o	1
ha@@n@@eu@@l@@l@@o@@b@@u@@t@@eo	1
ha@@n@@eu@@l@@g@@w@@a	1
ha@@n@@eu@@l@@-@@u@@i	1
ha@@n@@eu@@l@@-@@e@@s@@eo@@n@@eu@@n	1
ha@@n@@eu@@l@@-@@e@@n@@eu@@n	1
ha@@n@@eu@@l@@-@@e@@k@@k@@a@@j@@i	1
ha@@n@@d@@a	1
ha@@n@@b@@u@@n	1
ha@@n@@a@@n@@i@@m@@-eu@@l@@o@@s@@eo@@n@@eu@@n	1
ha@@n@@a@@n@@i@@m@@-eu@@l@@o@@n@@eu@@n	1
ha@@n@@a@@n@@i@@m@@-@@il@@o@@l@@a	1
ha@@n@@a@@n@@i@@m@@-@@e@@g@@e@@n@@eu@@n	1
ha@@n@@a@@m@@a@@n	1
ha@@n@@a@@l@@a@@d@@o	1
ha@@n@@a@@l@@a	1
ha@@m@@y@@eo@@n@@s@@eo@@d@@o	1
ha@@m@@-@@il@@l@@eo@@l@@a	1
ha@@m@@-@@il@@eo@@l@@a	1
ha@@l@@y@@a	1
ha@@l@@u@@l@@eu@@l	1
ha@@l@@u	1
ha@@l@@t@@t@@a@@e@@e	1
ha@@l@@l@@y@@e@@ha@@l@@eo	1
ha@@l@@l@@y@@e@@ha@@l	1
ha@@l@@j@@i@@n@@i	1
ha@@l@@j@@i@@n@@d@@a@@e	1
ha@@l@@j@@i@@eo@@d@@a	1
ha@@i@@n@@-eu@@l	1
ha@@i@@n@@-@@i	1
ha@@g@@o@@y@@a	1
ha@@g@@o@@j@@a	1
ha@@g@@il@@eu@@l	1
ha@@g@@e@@s@@s@@g@@o	1
ha@@g@@e@@s@@s@@-eu@@n@@i	1
ha@@g@@e@@s@@s@@-eu@@n@@a	1
ha@@e@@y@@u@@n@@g@@-@@e	1
ha@@e@@n@@g@@s@@eo@@n@@ha@@l	1
ha@@e@@n@@g@@ha@@y@@eo@@s@@s@@d@@eo@@m@@y@@eo@@n	1
ha@@e@@n@@g@@ha@@s@@i@@n	1
ha@@e@@n@@g@@ha@@s@@i@@m@@-eu@@l	1
ha@@e@@n@@g@@ha@@s@@i@@l	1
ha@@e@@n@@g@@ha@@s@@a	1
ha@@e@@n@@g@@ha@@m@@-@@i@@y@@o	1
ha@@e@@n@@g@@ha@@m@@-@@i@@n@@il@@a	1
ha@@e@@n@@g@@ha@@l@@s@@a@@e	1
ha@@e@@n@@g@@ha@@l@@a	1
ha@@e@@n@@g@@ha@@l	1
ha@@e@@n@@g@@ha@@d@@eo@@l@@a	1
ha@@e@@m@@a@@d@@a	1
ha@@e@@ha@@l	1
ha@@e@@g@@o@@l@@-@@u@@i	1
ha@@e@@g@@o@@l@@-@@il@@a	1
ha@@e@@eo@@j@@i@@m@@-@@i	1
ha@@e@@b@@y@@eo@@n@@-eu@@l@@o	1
ha@@e@@a@@n@@-eu@@l@@o@@b@@u@@t@@eo	1
ha@@d@@eu@@n@@j@@i	1
ha@@d@@eo@@n@@y@@a	1
ha@@d@@eo@@n@@i	1
ha@@d@@eo@@i@@d@@a	1
ha@@b@@d@@a@@n@@g@@ha@@n@@i@@i@@d@@a	1
ha@@b@@d@@a@@n@@g@@ha@@n	1
ha@@b@@d@@a@@n@@g@@h@@i	1
h@@y@@o@@h@@eo@@m@@-@@i	1
h@@y@@eo@@u@@i	1
h@@y@@eo@@n@@g@@p@@y@@eo@@n@@-@@i	1
h@@y@@eo@@n@@g@@j@@e@@y@@o	1
h@@y@@eo@@n@@g@@j@@e@@w@@a	1
h@@y@@eo@@n@@g@@j@@e@@-@@u@@i	1
h@@y@@eo@@m@@-@@u@@i@@g@@a	1
h@@y@@eo@@l@@l@@u@@j@@eu@@n@@g@@-@@i	1
h@@y@@eo@@l@@l@@u	1
h@@y@@eo@@l@@eu@@l	1
h@@y@@eo@@e	1
h@@y@@a@@n@@g@@p@@u@@m@@g@@w@@a	1
h@@w@@o@@n@@h@@w@@a@@ha@@m@@y@@eo	1
h@@w@@o@@n@@h@@w@@a@@ha@@m@@g@@w@@a	1
h@@w@@i@@j@@a@@n@@g@@-@@i	1
h@@w@@e@@b@@a@@n@@g@@ha@@n@@eu@@n	1
h@@w@@e@@b@@a@@n@@g@@-eu@@n	1
h@@w@@a@@s@@a@@n@@g@@-@@g@@w@@a	1
h@@w@@a@@n@@n@@a@@n@@g@@w@@a	1
h@@w@@a@@n@@n@@a@@n@@-@@u@@i	1
h@@w@@a@@n@@n@@a@@n@@-@@i	1
h@@w@@a@@n@@n@@a@@n	1
h@@w@@a@@n@@g@@p@@y@@e@@ha@@y@@eo@@j@@i@@m@@y@@eo	1
h@@w@@a@@n@@-@@y@@eo@@n@@g@@ha@@n@@i	1
h@@w@@a@@m@@o@@g@@ha@@l@@a	1
h@@w@@a@@l@@y@@eo@@ha@@n	1
h@@w@@a@@l@@o@@d@@a	1
h@@w@@a@@ha@@e@@ha@@g@@il@@eu@@l	1
h@@w@@a@@g@@s@@il@@h@@i	1
h@@u@@s@@a@@g@@a	1
h@@u@@il@@o@@n@@g@@ha@@m@@y@@eo@@n@@s@@eo	1
h@@u@@il@@o@@n@@g@@ha@@m@@y@@eo	1
h@@u@@il@@o@@n@@g@@ha@@g@@o	1
h@@u@@il@@o@@n@@g@@-eu@@l	1
h@@u@@i@@n	1
h@@u@@i@@g@@e	1
h@@u@@i@@eo@@j@@y@@eo@@s@@s@@d@@eo@@l@@a	1
h@@u@@i@@eo@@j@@y@@eo	1
h@@u@@h@@i	1
h@@u@@e@@y@@a	1
h@@u@@e@@n@@eu@@n	1
h@@u@@e@@d@@o	1
h@@u@@b@@u@@t@@eo@@n@@eu@@n	1
h@@o@@t@@-@@i@@b@@u@@l@@-eu@@l	1
h@@o@@s@@u@@l@@o	1
h@@o@@s@@u	1
h@@o@@n@@l@@a@@n@@ha@@n	1
h@@o@@n@@g@@s@@u@@g@@a	1
h@@o@@e@@g@@a@@eu@@i	1
h@@o@@e@@g@@a@@e@@s@@i@@k@@il@@eo	1
h@@o@@e@@g@@a@@e@@ha@@y@@eo@@s@@s@@-eu@@m@@-@@i@@eo@@n@@i@@w@@a	1
h@@o@@e@@g@@a@@e@@ha@@y@@eo@@s@@s@@-eu@@l@@il@@a	1
h@@o@@e@@g@@a@@e@@ha@@n@@o@@l@@a	1
h@@o@@e@@g@@a@@e@@ha@@m@@y@@eo@@n	1
h@@o@@e@@g@@a@@e@@ha@@l@@a	1
h@@o@@e@@g@@a@@e@@ha@@l	1
h@@o@@e@@g@@a@@e@@ha@@g@@eo@@d@@eu@@n	1
h@@o@@e@@g@@a@@e@@e	1
h@@o@@e@@g@@-@@i	1
h@@o@@e@@d@@a@@n@@g@@j@@a@@n@@g@@-@@i@@n	1
h@@o@@e@@d@@a@@n@@g@@j@@a@@n@@g@@-@@i	1
h@@o@@e@@d@@a@@n@@g@@j@@a@@n@@g@@-@@e@@g@@e	1
h@@o@@e@@d@@a@@n@@g@@j@@a@@n@@g	1
h@@o@@e@@d@@a@@n@@g@@-@@u@@i	1
h@@o@@e@@b@@o@@g@@ha@@g@@eo@@n@@i@@w@@a	1
h@@o@@e@@b@@o@@g@@d@@o@@e@@n@@j@@il@@a	1
h@@o@@e@@b@@o@@g@@d@@o@@e@@eo@@s@@s@@d@@eo@@l@@a	1
h@@il@@n@@a@@n@@ha@@m@@y@@eo	1
h@@il@@m@@u@@n@@ha@@g@@o	1
h@@i@@m@@s@@s@@eu@@n@@i	1
h@@i@@m@@s@@s@@eu@@l@@a	1
h@@i@@m@@s@@s@@eu@@g@@o	1
h@@eu@@t@@-@@eo@@j@@il@@il@@a	1
h@@eu@@n@@d@@eu@@l@@m@@y@@eo	1
h@@eu@@n@@d@@eu@@l@@l@@i@@n@@eu@@n	1
h@@eu@@n@@d@@eu@@l@@l@@i@@g@@e@@s@@s@@-eu@@m@@-@@il@@a	1
h@@eu@@n@@d@@eu@@l@@-@@eo	1
h@@eu@@m@@-@@i	1
h@@eu@@l@@l@@i@@n@@eu@@n@@b@@a	1
h@@eu@@l@@l@@i@@m@@y@@eo	1
h@@eu@@l@@l@@i@@g@@e	1
h@@eu@@l@@l@@i@@d@@eo@@l@@a	1
h@@eu@@l@@g	1
h@@eo@@n@@m@@u@@l@@l@@o	1
h@@eo@@n@@g@@eu@@m	1
h@@eo@@m@@u@@l@@-eu@@l	1
h@@eo@@l@@g@@o	1
h@@eo@@l@@a@@n@@g@@b@@a@@n@@g@@t@@a@@n@@g@@ha@@y@@eo	1
h@@eo@@l@@a@@g@@j@@i	1
h@@eo@@l@@a@@g@@ha@@y@@eo@@s@@s@@n@@a@@i@@d@@a	1
h@@eo@@l@@a@@g@@ha@@s@@o@@s@@eo	1
h@@eo@@l@@a@@g@@ha@@s@@i@@n@@d@@a@@e	1
h@@eo@@l@@a@@g@@ha@@o@@b@@s@@o@@s@@eo	1
h@@eo@@l@@a@@g@@ha@@n@@eu@@n@@j@@il@@a	1
h@@eo@@l@@a@@g@@c@@h@@i	1
h@@eo@@ha@@s@@i@@n@@d@@a@@e	1
h@@eo@@ha@@s@@i@@m@@-eu@@l	1
h@@eo@@ha@@j@@i	1
h@@eo@@b@@i@@ha@@y@@eo@@s@@s@@n@@eu@@n@@g@@a	1
h@@eo@@b@@i@@ha@@y@@eo@@s@@s@@-eu@@d@@o@@e	1
h@@eo@@b@@i@@ha@@d@@eo@@n@@i	1
h@@e@@l@@o@@s@@g@@w@@a	1
h@@e@@l@@o@@s@@d@@a@@n@@g@@-@@g@@w@@a	1
h@@e@@l@@o@@s@@d@@a@@n@@g	1
h@@e@@l@@o@@s@@-eu@@n	1
h@@e@@l@@o@@s@@-@@e@@g@@e	1
h@@e@@l@@o@@d@@i@@a@@u@@i	1
h@@e@@c@@h@@i@@n@@eu@@n	1
g@@y@@o@@h@@u@@n@@-eu@@l	1
g@@y@@o@@h@@u@@n@@-@@il@@o@@d@@a	1
g@@y@@o@@h@@u@@n@@-@@e	1
g@@y@@o@@b@@eo@@b@@s@@a@@d@@eu@@l@@-@@i	1
g@@y@@eo@@u@@l@@-@@e	1
g@@y@@eo@@u	1
g@@y@@eo@@t	1
g@@y@@eo@@n@@g@@h@@i	1
g@@y@@eo@@n@@g@@b@@a@@e@@ha@@g@@o	1
g@@y@@eo@@n@@g@@-@@g@@y@@e@@ha@@y@@eo	1
g@@y@@eo@@n@@g@@-@@g@@y@@e@@ha@@s@@il@@s@@u@@l@@o@@g	1
g@@y@@eo@@n@@g@@-@@g@@y@@e@@ha@@s@@i@@n@@il@@a	1
g@@y@@eo@@n@@g@@-@@g@@y@@e@@ha@@s@@i@@g@@o	1
g@@y@@eo@@n@@g@@-@@g@@y@@e@@ha@@g@@o	1
g@@y@@eo@@n@@g@@-@@g@@eo@@n@@ha@@y@@eo	1
g@@y@@eo@@n@@d@@i@@n@@eu@@n	1
g@@y@@eo@@m@@ha@@y@@eo	1
g@@y@@eo@@l@@s@@il@@ha@@y@@eo@@s@@s@@-eu@@n@@i	1
g@@y@@eo@@l@@s@@il@@ha@@n@@eu@@n	1
g@@y@@eo@@l@@s@@i@@m@@ha@@l@@a	1
g@@y@@eo@@l@@b@@a@@g@@j@@i	1
g@@y@@eo@@l@@b@@a@@g@@ha@@y@@eo	1
g@@y@@eo@@l@@b@@a@@g@@ha@@n	1
g@@y@@e@@s@@y@@eo@@s@@s@@-eu@@n@@a	1
g@@y@@e@@s@@o@@g@@ha@@m@@y@@eo	1
g@@y@@e@@s@@o@@g@@ha@@d@@eo@@n@@i	1
g@@y@@e@@s@@il@@s@@a@@e	1
g@@y@@e@@s@@il@@eu@@l	1
g@@y@@e@@s@@i@@d@@eo@@n@@i	1
g@@y@@e@@s@@i@@d@@eo@@l@@a	1
g@@y@@e@@m@@y@@eo@@n@@g@@-@@i	1
g@@y@@e@@m@@y@@eo@@n@@g@@-@@g@@w@@a	1
g@@y@@e@@m@@y@@eo@@n@@g	1
g@@y@@e@@j@@i@@b@@j@@o@@n@@g@@-@@i@@o@@n@@i	1
g@@w@@o@@n@@s@@e@@l@@o@@d@@a	1
g@@w@@o@@n@@s@@e@@i@@s@@s@@n@@eu@@n	1
g@@w@@o@@n@@n@@eu@@n@@g@@j@@a@@u@@i	1
g@@w@@o@@n@@n@@eu@@n@@g@@d@@o	1
g@@w@@o@@n@@n@@eu@@n@@g@@d@@eu@@l@@-@@i	1
g@@w@@o@@n@@n@@eu@@n@@g@@-eu@@l@@o	1
g@@w@@o@@n@@n@@eu@@n@@g@@-eu@@l	1
g@@w@@o@@n@@n@@eu@@n@@g@@-@@i	1
g@@w@@o@@n@@n@@eu@@n@@g@@-@@g@@w@@a	1
g@@w@@o@@n@@ha@@y@@eo	1
g@@w@@o@@n@@ha@@n@@-eu@@l	1
g@@w@@i@@s@@i@@n@@n@@a@@g@@a@@n	1
g@@w@@i@@s@@i@@n@@d@@eu@@l@@l@@y@@eo@@s@@s@@d@@eo@@n	1
g@@w@@i@@s@@i@@n@@d@@eu@@l@@d@@o	1
g@@w@@i@@s@@i@@n@@-@@a	1
g@@w@@i@@m@@eo@@g@@g@@o	1
g@@w@@i@@m@@eo@@g@@eo@@l@@i@@g@@a	1
g@@w@@i@@m@@eo@@g@@eo@@l@@i@@d@@o	1
g@@w@@i@@m@@eo@@g@@-eu@@n	1
g@@w@@i@@i@@n@@-@@i	1
g@@w@@i@@ha@@n@@y@@a	1
g@@w@@i@@ha@@n@@il@@a	1
g@@w@@e@@g@@y@@e@@l@@o	1
g@@w@@a@@n@@s@@o@@g@@-@@i	1
g@@w@@a@@n@@s@@o@@g@@-@@e@@g@@e	1
g@@w@@a@@n@@j@@a@@n@@g@@d@@eu@@l@@g@@w@@a	1
g@@w@@a@@n@@j@@a@@n@@g@@d@@eu@@l	1
g@@w@@a@@n@@ha@@l@@-@@e	1
g@@w@@a@@n@@g@@s@@eo@@n@@-@@i	1
g@@w@@a@@n@@g@@m@@y@@eo@@n@@g@@ha@@n	1
g@@w@@a@@n@@g@@j@@u@@l@@il@@eu@@l	1
g@@w@@a@@n@@-@@w@@o@@n@@d@@eu@@l@@d@@o	1
g@@w@@a@@n@@-@@w@@o@@n@@d@@eu@@l@@-@@i	1
g@@w@@a@@n@@-@@w@@o@@n@@-@@i	1
g@@w@@a@@n@@-@@e	1
g@@w@@a@@b@@u@@l@@eu@@l	1
g@@u@@y@@u	1
g@@u@@w@@o@@n@@ha@@y@@eo@@s@@s@@-eu@@d@@o@@e	1
g@@u@@w@@o@@n@@ha@@l@@j@@i@@eo@@d@@a	1
g@@u@@w@@o@@n@@ha@@l	1
g@@u@@u@@n	1
g@@u@@s@@o@@g@@d@@o@@e@@m@@-eu@@l	1
g@@u@@s@@o@@g@@-@@i	1
g@@u@@s@@i@@e	1
g@@u@@n@@h@@o@@l@@eu@@l	1
g@@u@@n@@g@@w@@a@@n@@d@@eu@@l@@g@@w@@a	1
g@@u@@n@@g@@w@@a@@n@@d@@eu@@l@@-@@e@@g@@e	1
g@@u@@n@@d@@a@@e@@n@@i	1
g@@u@@n@@d@@a@@e@@l@@eu@@l	1
g@@u@@n@@d@@a@@e@@l@@a	1
g@@u@@n@@d@@a@@e@@d@@eu@@l@@-@@e@@g@@e	1
g@@u@@n@@d@@a@@e	1
g@@u@@n@@b@@y@@eo@@n@@g@@d@@eu@@l@@-@@i	1
g@@u@@n@@b@@y@@eo@@n@@g@@-@@i	1
g@@u@@m@@eo@@n@@g@@-eu@@l	1
g@@u@@l@@m@@y@@eo	1
g@@u@@l@@m@@g@@y@@eo	1
g@@u@@l@@h@@y@@eo@@l@@-eu@@l	1
g@@u@@l@@-@@i	1
g@@u@@j@@e@@ha@@y@@eo	1
g@@u@@j@@e@@ha@@l@@a	1
g@@u@@ha@@n@@eu@@n@@y@@a	1
g@@u@@ha@@m@@y@@eo	1
g@@u@@ha@@j@@i	1
g@@u@@ha@@g@@eo@@n@@eu@@l	1
g@@u@@ha@@d@@eo@@n@@i	1
g@@u@@ha@@d@@eo@@l@@a	1
g@@u@@g@@y@@eo@@n@@g@@ha@@m@@y@@eo	1
g@@u@@g@@y@@eo@@n@@g@@ha@@l@@eo	1
g@@u@@g@@eo@@l@@ha@@d@@a@@g@@a	1
g@@u@@d@@s@@e@@g@@e	1
g@@u@@d@@g@@e	1
g@@u@@d@@eo@@n@@g@@-@@i@@e	1
g@@u@@d@@eo@@g@@i@@d@@o	1
g@@u@@c@@ha@@ha@@n	1
g@@o@@y@@o@@ha@@l@@a	1
g@@o@@t@@o@@n@@g@@-@@g@@w@@a	1
g@@o@@s@@o@@ha@@n@@eu@@n@@g@@a	1
g@@o@@s@@o@@ha@@l	1
g@@o@@s@@o	1
g@@o@@s@@-eu@@l	1
g@@o@@s@@-@@u@@i	1
g@@o@@s@@-@@i@@n@@il@@a	1
g@@o@@s@@-@@i	1
g@@o@@n@@g@@o@@ha@@l@@il@@a	1
g@@o@@n@@g@@h@@o@@e@@g@@a	1
g@@o@@n@@g@@h@@o@@e@@e	1
g@@o@@n@@g@@-@@u@@i@@w@@a	1
g@@o@@m@@u@@l@@-@@e@@s@@eo	1
g@@o@@m@@i@@n@@ha@@y@@eo	1
g@@o@@m@@i@@n@@ha@@n@@a@@i@@d@@a	1
g@@o@@l@@o	1
g@@o@@l@@m@@o@@g@@-eu@@l@@o	1
g@@o@@l@@g@@o@@d@@a@@l@@a	1
g@@o@@l@@b@@a@@n@@g@@d@@o	1
g@@o@@l@@b@@a@@n@@g@@-@@e@@s@@eo	1
g@@o@@l@@a@@s@@i@@n@@-@@a	1
g@@o@@ha@@y@@eo@@s@@s@@-eu@@d@@o@@e	1
g@@o@@ha@@n@@d@@a@@e	1
g@@o@@ha@@l@@a	1
g@@o@@h@@y@@a@@n@@g@@-eu@@l@@o	1
g@@o@@h@@y@@a@@n@@g@@-@@g@@w@@a	1
g@@o@@g@@g@@a@@n@@-@@e	1
g@@o@@e@@l@@o@@u@@m@@-eu@@l	1
g@@o@@d@@eu@@l@@a@@n@@t@@eu@@l@@eu@@l	1
g@@o@@c@@h@@i@@s@@i@@n@@i	1
g@@o@@c@@h@@i@@s@@i@@m@@y@@eo	1
g@@o@@c@@h@@i@@s@@i@@l	1
g@@o@@c@@h@@i@@s@@i@@d@@eo@@l@@a	1
g@@o@@c@@h@@i@@l	1
g@@o@@c@@h@@i@@g@@o	1
g@@o@@c@@h@@i@@g@@e	1
g@@o@@-eu@@l@@l@@o	1
g@@o@@-eu@@l@@-eu@@l	1
g@@o@@-eu@@l	1
g@@il@@o@@g@@ha@@y@@eo@@s@@s@@g@@eo@@n@@i@@w@@a	1
g@@il@@o@@g@@ha@@y@@eo@@s@@s@@-eu@@d@@o@@e	1
g@@il@@o@@g@@d@@o@@e@@n@@b@@a	1
g@@il@@o@@g@@d@@o@@e@@eo@@s@@s@@-eu@@m@@y@@eo	1
g@@il@@g@@w@@a	1
g@@il@@g@@a@@m@@y@@eo@@n@@s@@eo	1
g@@il@@g@@a@@-@@e	1
g@@il@@eu@@s@@i@@n@@a@@n@@i	1
g@@il@@eu@@m@@-eu@@l	1
g@@i@@w@@a@@l@@eu@@l	1
g@@i@@u@@n@@-@@i	1
g@@i@@u@@n	1
g@@i@@s@@d@@eu@@l@@-@@y@@eo@@s@@s@@n@@eu@@n@@il@@a	1
g@@i@@s@@a@@n@@g@@-eu@@n	1
g@@i@@s@@a@@l@@eu@@l	1
g@@i@@s@@a@@e@@g@@-eu@@l	1
g@@i@@p@@p@@eo@@ha@@s@@i@@n@@eu@@n@@il@@a	1
g@@i@@p@@p@@eo@@ha@@s@@a	1
g@@i@@p@@p@@eo@@ha@@n@@i	1
g@@i@@p@@p@@eo@@ha@@n@@eu@@n@@d@@o@@d@@a	1
g@@i@@p@@p@@eo@@ha@@n@@eu@@n	1
g@@i@@p@@p@@eo@@ha@@m@@y@@eo	1
g@@i@@p@@p@@eo@@ha@@l@@a	1
g@@i@@p@@p@@eo@@ha@@j@@i	1
g@@i@@p@@p@@eo@@ha@@g@@o	1
g@@i@@p@@p@@eo	1
g@@i@@p@@j@@i	1
g@@i@@p@@-eu@@n	1
g@@i@@n@@y@@eo@@m@@ha@@l@@il@@a	1
g@@i@@n@@y@@eo@@m@@ha@@l@@a	1
g@@i@@n	1
g@@i@@j@@i@@n@@ha@@l@@il@@a	1
g@@i@@j@@eo@@l@@ha@@l@@i@@n@@i	1
g@@i@@i@@ha@@n	1
g@@i@@h@@o@@e@@l@@eu@@l	1
g@@i@@g@@u@@l@@eu@@l	1
g@@i@@g@@eu@@n@@g@@w@@a	1
g@@i@@g@@eu@@n@@-@@i	1
g@@i@@eo@@g@@j@@i	1
g@@i@@eo@@g@@ha@@l@@a	1
g@@i@@eo@@g@@ha@@g@@o	1
g@@i@@eo@@g@@d@@o@@e@@eo	1
g@@i@@d@@o@@l@@eu@@l	1
g@@i@@d@@o@@ha@@y@@eo@@s@@s@@n@@o@@n@@i	1
g@@i@@d@@o@@ha@@s@@i@@n@@il@@a	1
g@@i@@d@@o@@ha@@s@@i@@n@@i	1
g@@i@@d@@o@@ha@@s@@i@@d@@eo@@n@@i	1
g@@i@@d@@o@@ha@@n@@i	1
g@@i@@d@@o@@ha@@m@@y@@eo	1
g@@i@@d@@a@@l@@y@@eo@@s@@s@@-eu@@m@@-@@il@@eo@@l@@a	1
g@@i@@d@@a@@l@@i@@o@@l@@i@@i@@k@@k@@a	1
g@@i@@d@@a@@l@@i@@n@@eu@@n	1
g@@i@@d@@a@@l@@i@@m@@eu@@l@@o	1
g@@i@@b@@n@@eu@@n@@d@@e	1
g@@eu@@s@@il@@o	1
g@@eu@@s@@a@@l@@a@@m@@-eu@@l@@o	1
g@@eu@@s@@a@@l@@a@@m@@-@@e@@g@@e@@s@@eo	1
g@@eu@@n@@s@@i@@m@@ha@@y@@eo	1
g@@eu@@n@@s@@i@@m@@ha@@s@@a	1
g@@eu@@n@@s@@i@@m@@ha@@m@@y@@eo	1
g@@eu@@n@@s@@i@@m@@ha@@l	1
g@@eu@@n@@s@@i@@m@@ha@@j@@i@@d@@o	1
g@@eu@@n@@s@@i@@m@@ha@@d@@eo@@l@@a	1
g@@eu@@n@@c@@h@@eo	1
g@@eu@@n@@b@@a@@n@@g	1
g@@eu@@n@@a@@l@@d@@eu@@l@@-eu@@n	1
g@@eu@@n@@a@@l@@d@@eu@@l@@-eu@@l	1
g@@eu@@n@@a@@l	1
g@@eu@@n@@-@@w@@o@@n@@-@@i	1
g@@eu@@n@@-@@i@@l	1
g@@eu@@m@@u@@l@@-@@i	1
g@@eu@@m@@u@@l	1
g@@eu@@m@@s@@i@@g@@ha@@n@@eu@@n@@d@@e	1
g@@eu@@m@@s@@i@@g@@ha@@m@@y@@eo	1
g@@eu@@m@@s@@i@@g@@ha@@j@@i	1
g@@eu@@m@@s@@i@@g@@ha@@g@@e	1
g@@eu@@m@@n@@y@@eo@@n@@-@@e@@d@@o	1
g@@eu@@m@@a@@n@@-@@i@@d@@a	1
g@@eu@@l@@o@@l@@a	1
g@@eu@@l@@l@@o@@b@@a@@l@@a	1
g@@eu@@l@@l@@o	1
g@@eu@@l@@il@@o	1
g@@eu@@l@@i@@s@@eu@@d@@o@@y@@eo@@d@@eu@@n	1
g@@eu@@l@@i@@s@@eu@@d@@o@@s@@i@@n@@i@@i@@d@@a	1
g@@eu@@l@@i@@s@@eu@@d@@o@@s@@i@@n@@g@@a	1
g@@eu@@l@@i@@s@@eu@@d@@o@@n@@y@@a	1
g@@eu@@l@@i@@s@@eu@@d@@o@@i@@n	1
g@@eu@@l@@i@@s@@eu@@d@@o@@d@@eu@@l@@g@@w@@a	1
g@@eu@@l@@i@@s@@eu@@d@@o	1
g@@eu@@l@@i@@ha@@y@@eo@@y@@a	1
g@@eu@@l@@i@@ha@@y@@eo@@s@@s@@-eu@@m@@y@@eo@@n	1
g@@eu@@l@@i@@ha@@n@@j@@eu@@g	1
g@@eu@@l@@i@@ha@@m@@a@@e	1
g@@eu@@l@@i@@ha@@g@@o	1
g@@eu@@l@@i@@ha@@d@@o@@e	1
g@@eu@@l@@g@@w@@a	1
g@@eu@@l@@eu@@s@@-eu@@l@@o	1
g@@eu@@l@@eu@@s@@-@@e	1
g@@eu@@l@@eo@@ha@@n@@il@@a	1
g@@eu@@l@@eo@@ha@@m@@y@@eo@@n	1
g@@eu@@l@@eo@@ha@@g@@o	1
g@@eu@@l@@-@@i	1
g@@eu@@g@@o@@s@@-eu@@l	1
g@@eu@@g@@eo@@s@@-eu@@n	1
g@@eu@@e@@g@@e@@d@@o	1
g@@eu@@d@@o	1
g@@eu@@d@@eu@@l@@g@@w@@a	1
g@@eu@@d@@eu@@l@@-eu@@n	1
g@@eu@@d@@eu@@l@@-eu@@l	1
g@@eu@@d@@eu@@l@@-@@u@@i	1
g@@eu@@d@@eu@@l	1
g@@eu@@c@@h@@y@@eo@@s@@s@@d@@eo@@l@@a	1
g@@eu@@c@@h@@y@@eo	1
g@@eu@@c@@h@@i@@m@@a@@e	1
g@@eu@@c@@h@@i@@j@@i	1
g@@eu@@c@@h@@i@@g@@o	1
g@@eu@@-@@i@@n@@j@@u@@l	1
g@@eu@@-@@i@@n	1
g@@eo@@y@@eo@@g@@ha@@n@@eu@@n	1
g@@eo@@y@@eo@@g@@ha@@m@@y@@eo@@n	1
g@@eo@@t@@-eu@@n	1
g@@eo@@t@@-@@o@@s@@g@@w@@a	1
g@@eo@@s@@p@@p@@u@@n@@-@@il@@a	1
g@@eo@@s@@k@@k@@a@@j@@i	1
g@@eo@@s@@eu@@l@@y@@eo	1
g@@eo@@s@@-eu@@l@@o@@n@@eu@@n	1
g@@eo@@s@@-@@il@@a@@d@@o	1
g@@eo@@s@@-@@i@@n@@y@@a	1
g@@eo@@s@@-@@i@@n@@i@@i@@d@@a	1
g@@eo@@s@@-@@i@@m@@y@@eo@@n	1
g@@eo@@s@@-@@i@@m@@y@@eo	1
g@@eo@@s@@-@@i@@m@@eu@@l@@o	1
g@@eo@@s@@-@@i@@m@@-@@i@@n@@il@@a	1
g@@eo@@s@@-@@i@@eo@@n@@eu@@l	1
g@@eo@@n@@n@@eo@@p@@y@@eo@@n	1
g@@eo@@n@@n@@eo@@g@@a@@s@@i@@m@@a@@e	1
g@@eo@@n@@m@@u@@l@@d@@eu@@l@@-eu@@l	1
g@@eo@@n@@m@@u@@l@@d@@eu@@l@@-@@i	1
g@@eo@@n@@g@@a@@n@@g@@ha@@l@@j@@i@@eo@@d@@a	1
g@@eo@@m@@-eu@@l@@o	1
g@@eo@@m@@-eu@@l	1
g@@eo@@m@@-@@eo@@b@@s@@n@@eu@@n	1
g@@eo@@l@@u@@g@@ha@@n	1
g@@eo@@l@@u@@g@@h@@i	1
g@@eo@@l@@il@@o	1
g@@eo@@l@@i@@w@@a	1
g@@eo@@l@@i@@e	1
g@@eo@@l@@eu@@m@@-eu@@l	1
g@@eo@@l@@-eu@@n@@i	1
g@@eo@@l@@-eu@@m@@y@@eo	1
g@@eo@@l@@-@@eo@@s@@eo	1
g@@eo@@l@@-@@eo@@d@@a@@n@@i@@s@@i@@l	1
g@@eo@@l@@-@@eo	1
g@@eo@@k@@k@@u@@l@@eo@@t@@t@@eu@@l@@i@@g@@o	1
g@@eo@@k@@k@@u@@l@@eo@@j@@y@@eo	1
g@@eo@@j@@i	1
g@@eo@@ha@@n@@i	1
g@@eo@@ha@@n@@eu@@n	1
g@@eo@@ha@@j@@i@@d@@o	1
g@@eo@@g@@i@@s@@eo@@n@@eu@@n	1
g@@eo@@g@@i@@s@@eo@@d@@o	1
g@@eo@@d@@u@@n@@il@@a	1
g@@eo@@d@@u@@n@@eu@@n	1
g@@eo@@d@@u@@j@@i@@d@@o	1
g@@eo@@d@@u@@eo@@s@@s@@d@@eo@@n@@y@@a	1
g@@eo@@d@@u@@eo@@s@@s@@-eu@@m@@y@@eo	1
g@@e@@s@@-@@s@@e@@m@@a@@n@@e@@l@@a	1
g@@e@@n@@e@@s@@a@@l@@e@@s	1
g@@a@@y@@a@@b@@a@@g@@a	1
g@@a@@t@@d@@o@@d@@a	1
g@@a@@t@@-eu@@n	1
g@@a@@t@@-eu@@l@@k@@k@@o	1
g@@a@@t@@-eu@@l@@j@@i@@n@@il@@a	1
g@@a@@t@@-eu@@l@@il@@a	1
g@@a@@t@@-eu@@l@@i@@n@@i	1
g@@a@@t@@-@@a@@s@@eo	1
g@@a@@s@@y@@eo@@s@@s@@d@@eo@@n@@i	1
g@@a@@s@@y@@eo@@s@@s@@-eu@@n@@a	1
g@@a@@s@@s@@n@@eu@@n@@il@@a	1
g@@a@@s@@s@@d@@eo@@n@@i	1
g@@a@@s@@i@@n@@il@@a	1
g@@a@@s@@i@@n@@eu@@n@@d@@e	1
g@@a@@s@@i@@n@@a@@n@@i	1
g@@a@@s@@i@@n@@a@@m@@u@@e@@s@@eo	1
g@@a@@s@@i@@m@@a@@e	1
g@@a@@s@@i@@d@@eu@@n@@j@@i	1
g@@a@@s@@i@@d@@a@@g@@a	1
g@@a@@p@@g@@e@@s@@s@@n@@a@@i@@d@@a	1
g@@a@@p@@-eu@@m@@-eu@@l	1
g@@a@@p@@-eu@@m@@-@@i	1
g@@a@@n@@ha@@m@@a@@e	1
g@@a@@n@@g@@y@@e@@l@@eu@@l	1
g@@a@@n@@g@@u@@ha@@y@@eo@@s@@s@@-eu@@n@@a	1
g@@a@@n@@g@@u@@ha@@y@@eo	1
g@@a@@n@@g@@u@@ha@@g@@eo@@n@@eu@@l	1
g@@a@@n@@g@@u@@ha@@d@@eo@@n@@i	1
g@@a@@n@@g@@u@@ha@@d@@eo@@l@@a	1
g@@a@@n@@g@@p@@o@@ha@@j@@i	1
g@@a@@n@@g@@ha@@y@@eo@@j@@i@@m@@y@@eo	1
g@@a@@n@@g@@ha@@y@@eo@@j@@i@@g@@o	1
g@@a@@n@@g@@d@@o@@u@@i	1
g@@a@@n@@g@@d@@o	1
g@@a@@n@@g@@c@@h@@eo@@n@@g@@ha@@m@@-eu@@l	1
g@@a@@n@@g@@-@@g@@w@@o@@n@@ha@@y@@eo	1
g@@a@@n@@g@@-@@g@@eo@@n@@ha@@y@@eo@@j@@y@@eo@@s@@s@@d@@eo@@l@@a	1
g@@a@@n@@eu@@n@@j@@il@@a	1
g@@a@@n@@-eu@@m@@ha@@m@@-@@i@@y@@o	1
g@@a@@n@@-eu@@m@@ha@@m@@-@@i@@n@@il@@a	1
g@@a@@m@@y@@eo@@n@@s@@eo	1
g@@a@@m@@y@@eo@@n	1
g@@a@@m@@y@@eo	1
g@@a@@m@@s@@a@@ha@@g@@o	1
g@@a@@m@@l@@a@@m@@s@@a@@n@@-eu@@l@@o	1
g@@a@@m@@l@@a@@m@@s@@a@@n@@-@@e	1
g@@a@@m@@l@@a@@m@@s@@a@@n	1
g@@a@@m@@l@@a@@m@@-@@w@@o@@n@@-@@il@@a@@n@@eu@@n	1
g@@a@@m@@l@@a@@m@@-@@w@@o@@n@@-@@il@@a	1
g@@a@@m@@ha@@s@@y@@eo@@s@@s@@n@@eu@@n@@il@@a	1
g@@a@@m@@ha@@j@@i	1
g@@a@@m@@d@@o@@n@@g@@ha@@y@@eo	1
g@@a@@m@@c@@h@@w@@i@@eo@@s@@s@@-eu@@m@@eu@@l@@o	1
g@@a@@m@@-@@i@@n@@il@@a	1
g@@a@@l@@y@@o@@s@@-@@i@@n@@-@@il@@a	1
g@@a@@l@@y@@o@@s	1
g@@a@@l@@y@@eo@@n@@i@@w@@a	1
g@@a@@l@@y@@eo@@n@@g	1
g@@a@@l@@y@@eo	1
g@@a@@l@@u	1
g@@a@@l@@o	1
g@@a@@l@@m@@y@@eo	1
g@@a@@l@@l@@il@@l@@i@@u@@i	1
g@@a@@l@@l@@il@@l@@i@@e@@s@@eo@@b@@u@@t@@eo	1
g@@a@@l@@l@@il@@l@@i@@e@@s@@eo	1
g@@a@@l@@l@@a@@j@@i@@m@@g@@w@@a	1
g@@a@@l@@j@@i@@eo@@d@@a	1
g@@a@@l@@i@@w@@o@@j@@y@@eo@@s@@eo	1
g@@a@@l@@eu@@c@@h@@y@@eo@@s@@s@@-eu@@d@@o@@e	1
g@@a@@l@@eu@@c@@h@@i@@s@@i@@n@@il@@a	1
g@@a@@l@@eu@@c@@h@@i@@s@@i@@n@@eu@@n	1
g@@a@@l@@eu@@c@@h@@i@@s@@i@@n@@a@@i@@d@@a	1
g@@a@@l@@eu@@c@@h@@i@@s@@i@@m@@-@@i@@n@@i@@i@@d@@a	1
g@@a@@l@@eu@@c@@h@@i@@s@@i@@g@@o	1
g@@a@@l@@eu@@c@@h@@i@@s@@i@@d@@eo@@l@@a	1
g@@a@@l@@eu@@c@@h@@i@@n	1
g@@a@@l@@eu@@c@@h@@i@@g@@o	1
g@@a@@l@@d@@a@@e@@n@@y@@a	1
g@@a@@l@@d@@a@@e@@l@@o	1
g@@a@@l@@d@@a@@e@@e	1
g@@a@@k@@k@@a@@w@@a@@s@@s@@n@@eu@@n@@il@@a	1
g@@a@@k@@k@@a@@w@@a@@s@@s@@d@@a	1
g@@a@@k@@k@@a@@u@@m@@a@@e	1
g@@a@@k@@k@@a@@i@@ha@@j@@i	1
g@@a@@j@@y@@eo@@w@@a@@s@@s@@g@@eo@@n@@eu@@l	1
g@@a@@j@@y@@eo@@o@@n@@eu@@n	1
g@@a@@j@@y@@eo@@g@@a@@n@@eu@@n	1
g@@a@@j@@y@@eo@@d@@a@@g@@a	1
g@@a@@j@@u@@g	1
g@@a@@j@@o@@g@@-eu@@l	1
g@@a@@j@@il@@o	1
g@@a@@j@@i@@m@@a@@n	1
g@@a@@j@@i@@l	1
g@@a@@j@@i@@g@@a	1
g@@a@@j@@i@@e	1
g@@a@@j@@i@@d@@o	1
g@@a@@j@@eu@@n@@g@@ha@@n	1
g@@a@@j@@d@@a@@g@@a	1
g@@a@@i@@s@@a@@l@@y@@a	1
g@@a@@i@@s@@a@@g@@a	1
g@@a@@ha@@n@@i@@i@@k@@k@@a	1
g@@a@@g@@s@@a@@e@@g	1
g@@a@@g@@il@@eu@@l	1
g@@a@@g@@eo@@n@@i@@w@@a	1
g@@a@@g@@eo@@d@@eu@@n	1
g@@a@@g@@e@@s@@s@@g@@o	1
g@@a@@g@@e	1
g@@a@@g@@c@@h@@eo@@e	1
g@@a@@e@@g@@s@@il@@-@@i	1
g@@a@@e@@d@@eu@@l@@d@@o	1
g@@a@@e@@d@@eu@@l@@-@@e@@g@@e	1
g@@a@@e@@b@@a@@k@@k@@-@@e	1
g@@a@@d@@u@@l@@k@@k@@a	1
g@@a@@d@@o@@e	1
g@@a@@d@@eu@@g@@ha@@y@@eo	1
g@@a@@d@@eu@@g@@ha@@n	1
g@@a@@d@@eu@@g@@ha@@d@@o@@d@@a	1
g@@a@@d@@a@@g@@a	1
g@@a@@b@@s@@j@@i@@n	1
g@@a@@b@@eu@@l@@i@@e@@l@@-@@il@@a	1
g@@a@@b@@eu@@l@@i@@e@@l@@-@@i	1
g@@a@@b@@eo@@n@@a@@u@@m@@-eu@@l@@o	1
g@@a@@b@@eo@@n@@a@@u@@m@@-@@a	1
g@@a@@b@@eo@@n@@a@@u@@m	1
eu@@n@@ha@@e@@n@@g@@-@@e	1
eu@@n@@h@@y@@e@@g@@a	1
eu@@n@@g@@ha@@l@@il@@a	1
eu@@n@@-eu@@l	1
eu@@n@@-@@i@@n@@-@@il@@a	1
eu@@n	1
eu@@m@@s@@i@@g@@b@@o@@d@@a	1
eu@@m@@s@@i@@g@@-eu@@l	1
eu@@m@@s@@eo@@n@@g@@-eu@@l	1
eu@@m@@b@@u@@e@@k@@k@@a@@j@@i	1
eu@@b@@n@@a@@e@@w@@a	1
eo@@t@@t@@eo@@n@@-@@i@@n@@eu@@n	1
eo@@t@@t@@eo@@ha@@n@@y@@a	1
eo@@t@@t@@eo@@ha@@n@@i@@i@@k@@k@@a	1
eo@@t@@t@@eo@@ha@@n	1
eo@@t@@t@@eo@@ha@@m@@y@@eo	1
eo@@t@@t@@eo@@ha@@g@@e@@s@@s@@n@@eu@@n@@y@@a	1
eo@@p@@d@@eu@@l@@i@@n@@i	1
eo@@p@@d@@eu@@l@@eo@@j@@y@@eo	1
eo@@p@@-eu@@s@@i@@m@@y@@eo	1
eo@@n@@u@@l@@ha@@n	1
eo@@n@@j@@e@@i@@n@@j@@i	1
eo@@n@@j@@e@@b@@u@@t@@eo	1
eo@@n@@j@@e	1
eo@@n@@j@@-eu@@s@@a	1
eo@@n@@d@@a@@e@@n@@a	1
eo@@n@@-@@y@@a@@g@@ha@@n@@eu@@n@@j@@il@@a	1
eo@@n@@-@@y@@a@@g@@-@@u@@i	1
eo@@m@@i@@n@@a	1
eo@@m@@i@@e@@g@@e	1
eo@@m@@ha@@n	1
eo@@l@@y@@eo@@u@@n	1
eo@@l@@y@@eo@@b@@d@@o@@d@@a	1
eo@@l@@i@@l	1
eo@@k@@k@@a@@e@@e	1
eo@@j@@j@@i@@ha@@m@@-@@i@@n@@g@@o	1
eo@@j@@j@@i@@ha@@l@@k@@k@@o	1
eo@@g@@j@@il@@o	1
eo@@d@@u@@w@@o@@j@@i@@m@@y@@eo	1
eo@@d@@u@@u@@m@@-@@u@@i	1
eo@@d@@u@@u@@l@@il@@a	1
eo@@d@@u@@b@@j@@i	1
eo@@d@@n@@eu@@n	1
eo@@d@@il@@o@@s@@eo@@i@@n@@j@@i	1
eo@@d@@i@@d@@eu@@n@@j@@i	1
eo@@d@@g@@o@@j@@a	1
eo@@d@@g@@o	1
eo@@d@@g@@i@@e	1
eo@@d@@d@@o@@e	1
eo@@d@@-eu@@n	1
eo@@d@@-eu@@l@@y@@eo@@g@@o	1
eo@@d@@-eu@@l@@k@@k@@a	1
eo@@d@@-@@eo@@s@@s@@s@@a@@o@@n@@i	1
eo@@d@@-@@eo@@s@@s@@n@@eu@@n@@y@@o	1
eo@@d@@-@@eo	1
eo@@b@@u@@l@@a	1
eo@@b@@u@@g@@a	1
eo@@b@@u@@d@@eu@@l@@-eu@@n	1
eo@@b@@s@@n@@eu@@n@@j@@il@@a	1
eo@@b@@s@@n@@eu@@n@@g@@o@@l@@o	1
eo@@b@@s@@n@@a@@i@@d@@a	1
eo@@b@@s@@j@@i@@m@@a@@n@@eu@@n	1
eo@@b@@s@@d@@eo@@n@@y@@a	1
eo@@b@@s@@-eu@@s@@i@@n@@i	1
eo@@b@@s@@-eu@@n@@i	1
eo@@b@@s@@-eu@@n@@a	1
eo@@b@@s@@-eu@@m@@y@@eo@@n	1
eo@@b@@s@@-eu@@m@@y@@eo	1
eo@@b@@s@@-eu@@m@@-eu@@l@@o	1
eo@@b@@s@@-eu@@m@@-@@il@@o@@d@@a	1
eo@@b@@s@@-@@s@@a@@b@@n@@a@@i@@d@@a	1
eo@@b@@s@@-@@eo@@s@@s@@n@@a@@i@@d@@a	1
eo@@b@@s@@-@@eo@@s@@s@@g@@o	1
eo@@b@@s@@-@@eo@@j@@i@@m@@-@@i	1
eo@@b@@s@@-@@eo@@j@@i@@l	1
e@@w@@o@@s@@s@@a@@i@@n@@eu@@n	1
e@@m@@m@@a@@o@@l@@a	1
e@@l@@l@@i@@y@@a@@l@@a	1
e@@l@@l@@i@@y@@a	1
e@@l@@l@@i@@s@@a@@b@@e@@s@@d@@o	1
e@@l@@l@@i@@s@@a@@b@@e@@s@@-@@il@@a	1
e@@b@@a@@d@@a	1
e@@-@@u@@n	1
e	1
d@@w@@i@@e@@s@@eo	1
d@@w@@a@@e@@j@@i	1
d@@u@@s@@o@@s@@eo	1
d@@u@@s@@a@@l@@-@@il@@a	1
d@@u@@n@@i	1
d@@u@@n@@ha@@n@@y@@a	1
d@@u@@m@@o@@g@@d@@eu@@l@@-@@i	1
d@@u@@m@@o@@g@@-eu@@n	1
d@@u@@m@@a@@e	1
d@@u@@l@@y@@eo@@w@@o@@ha@@m@@-@@i@@d@@eo@@l@@a	1
d@@u@@l@@y@@eo@@w@@o@@ha@@m	1
d@@u@@l@@y@@eo@@w@@o@@ha@@l	1
d@@u@@l@@y@@eo@@w@@o@@ha@@g@@o	1
d@@u@@l@@y@@eo@@w@@o@@ha@@g@@eo@@n@@eu@@l	1
d@@u@@l@@y@@eo@@n@@g@@-@@u@@i	1
d@@u@@l@@y@@eo@@ha@@m@@-@@i@@n@@y@@a	1
d@@u@@l@@y@@eo@@ha@@m@@-@@i	1
d@@u@@l@@y@@eo@@b@@g@@eo@@n@@d@@a@@e	1
d@@u@@l@@l@@eo@@s@@s@@g@@o	1
d@@u@@l@@j@@j@@a@@e@@n@@eu@@n	1
d@@u@@l@@j@@j@@a@@e	1
d@@u@@l@@-@@e	1
d@@u@@eo@@s@@s@@d@@eo@@n	1
d@@u@@eo@@s@@s@@d@@a@@g@@a	1
d@@u@@eo@@s@@s@@-eu@@n@@i	1
d@@u@@eo@@s@@s@@-@@eo@@s@@s@@n@@a@@i@@d@@a	1
d@@u@@eo	1
d@@u@@d@@eu@@l@@il@@a	1
d@@u@@d@@eu@@l@@i@@m@@y@@eo	1
d@@u@@b@@eo@@l	1
d@@o@@w@@a@@j@@u@@s@@o@@s@@eo	1
d@@o@@u@@l	1
d@@o@@s@@i	1
d@@o@@n@@g@@s@@a@@e@@n@@g@@d@@eu@@l@@-eu@@n	1
d@@o@@n@@g@@s@@a@@e@@n@@g@@d@@eu@@l@@-@@i@@n@@y@@a	1
d@@o@@n@@g@@s@@a@@e@@n@@g@@-@@u@@i	1
d@@o@@n@@g@@s@@a@@e@@n@@g	1
d@@o@@n@@g@@n@@e@@e@@s@@eo@@d@@o	1
d@@o@@n@@g@@n@@e@@b@@o@@d@@a	1
d@@o@@n@@g@@m@@u@@l@@eu@@l	1
d@@o@@n@@g@@l@@y@@u@@l@@o	1
d@@o@@n@@g@@ha@@e@@n@@g@@ha@@s@@i@@n@@a	1
d@@o@@n@@g@@-@@il@@ha@@n	1
d@@o@@n@@g@@-@@a@@n@@d@@o	1
d@@o@@n@@g@@-@@a@@n@@-@@e@@n@@eu@@n	1
d@@o@@n@@-@@i@@n@@a	1
d@@o@@m@@u@@j@@i	1
d@@o@@m@@a@@n@@g@@ha@@n@@il@@a	1
d@@o@@m@@a@@n@@g@@ha@@l@@j@@i@@eo@@d@@a	1
d@@o@@m@@a@@n@@g@@ha@@g@@o	1
d@@o@@l@@l@@o	1
d@@o@@l@@d@@eu@@l@@l@@o@@d@@o	1
d@@o@@l@@d@@eu@@l@@-@@e@@g@@e	1
d@@o@@l@@-eu@@l	1
d@@o@@l@@-@@i@@k@@i@@n	1
d@@o@@l@@-@@a@@w@@a@@s@@eo	1
d@@o@@l@@-@@a@@o@@s@@i@@m@@a@@e	1
d@@o@@l@@-@@a@@o@@l	1
d@@o@@l@@-@@a@@g@@a@@s@@il@@s@@a@@e	1
d@@o@@l@@-@@a@@g@@a@@s@@i@@n@@i	1
d@@o@@l@@-@@a@@g@@a@@n@@i	1
d@@o@@l@@-@@a@@g@@a@@l@@il@@a	1
d@@o@@l@@-@@a@@g@@a@@l@@a	1
d@@o@@l@@-@@a@@g@@a@@l	1
d@@o@@l@@-@@a@@g@@a@@g@@o	1
d@@o@@l@@-@@a@@b@@o@@n@@eu@@n	1
d@@o@@l@@-@@a@@b@@o@@j@@i	1
d@@o@@k@@k@@i@@g@@a	1
d@@o@@j@@eo@@g@@d@@o	1
d@@o@@j@@eo@@g@@-@@i	1
d@@o@@g@@s@@a@@u@@i	1
d@@o@@e@@n@@g@@eo@@s@@-eu@@l	1
d@@o@@e@@m@@y@@eo@@n	1
d@@o@@e@@m@@y@@eo	1
d@@o@@e@@m@@g@@w@@a	1
d@@o@@e@@m@@-@@il@@eo@@l@@a	1
d@@o@@e@@m@@-@@i@@n@@y@@o	1
d@@o@@e@@l@@k@@k@@o	1
d@@o@@e@@l@@k@@k@@a	1
d@@o@@e@@l@@i@@y@@o	1
d@@o@@e@@g@@o@@j@@a	1
d@@o@@e@@g@@il@@eu@@l	1
d@@o@@e@@g@@e@@s@@s@@n@@eu@@n@@y@@a	1
d@@o@@e@@g@@e@@s@@s@@-eu@@m@@-@@il@@a	1
d@@o@@e@@eo@@s@@s@@n@@eu@@n@@y@@a	1
d@@o@@e@@eo@@s@@s@@g@@eo@@n@@eu@@l	1
d@@o@@e@@eo@@s@@s@@-eu@@n@@i	1
d@@o@@e@@eo@@s@@s@@-eu@@m@@-@@il@@a	1
d@@o@@e@@d@@eo@@l@@a	1
d@@o@@d@@-eu@@n	1
d@@o@@b@@d@@eo@@l@@a	1
d@@i@@m@@a@@eo@@u@@i	1
d@@i@@b@@e@@l@@y@@o	1
d@@eu@@s@@y@@eo@@s@@s@@d@@eo@@n@@i	1
d@@eu@@n@@g@@d@@a@@e@@ha@@d@@o@@l@@o@@g	1
d@@eu@@n@@g@@b@@u@@l@@-eu@@n	1
d@@eu@@n@@g@@b@@u@@l@@-@@u@@i	1
d@@eu@@n	1
d@@eu@@l@@y@@eo	1
d@@eu@@l@@p@@u@@l@@d@@o	1
d@@eu@@l@@l@@y@@eo@@s@@s@@-eu@@m@@-@@il@@a	1
d@@eu@@l@@l@@y@@eo	1
d@@eu@@l@@l@@i@@n@@j@@il@@a	1
d@@eu@@l@@l@@i@@n@@i	1
d@@eu@@l@@l@@i@@g@@o	1
d@@eu@@l@@l@@a	1
d@@eu@@l@@i@@n@@eu@@n	1
d@@eu@@l@@i@@n@@a@@i@@d@@a	1
d@@eu@@l@@i@@m@@a@@e	1
d@@eu@@l@@i@@d@@o@@e	1
d@@eu@@l@@eo@@n@@a@@n@@j@@il@@a	1
d@@eu@@l@@eo@@n@@a@@g@@e	1
d@@eu@@l@@eo@@n@@a@@e@@n@@o@@h@@g@@o	1
d@@eu@@l@@b@@o@@n@@eu@@n	1
d@@eu@@l@@a@@g@@o@@n@@i@@s	1
d@@eu@@l@@-eu@@m@@y@@eo	1
d@@eu@@l@@-eu@@l@@y@@eo@@g@@o	1
d@@eu@@l@@-eu@@l@@s@@a@@e	1
d@@eu@@l@@-eu@@l@@j@@i@@eo@@d@@a	1
d@@eu@@l@@-eu@@l@@eo	1
d@@eu@@l@@-@@y@@eo	1
d@@eu@@l@@-@@i@@n@@i@@i@@d@@a	1
d@@eu@@l@@-@@i@@g@@o	1
d@@eu@@l@@-@@i	1
d@@eu@@l@@-@@eo@@w@@a	1
d@@eu@@l@@-@@eo@@s@@s@@n@@o@@l@@a	1
d@@eu@@l@@-@@eo@@s@@s@@-eu@@n@@i	1
d@@eu@@l@@-@@eo@@s@@s@@-eu@@m@@eu@@l@@o	1
d@@eu@@l@@-@@eo@@o@@m@@a@@e	1
d@@eu@@l@@-@@eo@@o@@l	1
d@@eu@@l@@-@@eo@@g@@a@@y@@a	1
d@@eu@@l@@-@@eo@@g@@a@@s@@s@@d@@o@@d@@a	1
d@@eu@@l@@-@@eo@@g@@a@@s@@i@@n@@il@@a	1
d@@eu@@l@@-@@eo@@g@@a@@m@@y@@eo@@n	1
d@@eu@@l@@-@@eo@@g@@a@@l@@s@@s@@a@@e	1
d@@eu@@l@@-@@eo@@g@@a@@j@@i@@d@@o	1
d@@eu@@l@@-@@eo@@g@@a@@j@@a	1
d@@eu@@l@@-@@eo@@g@@a@@g@@il@@eu@@l	1
d@@eu@@l@@-@@eo@@g@@a@@g@@e	1
d@@eu@@l@@-@@eo@@g@@a@@d@@eo@@n	1
d@@eu@@l@@-@@e	1
d@@eu@@d@@j@@i	1
d@@eu@@d@@g@@e	1
d@@eu@@d@@d@@o@@e	1
d@@eu@@d@@d@@eo@@l@@a	1
d@@eo@@u@@l@@il@@a	1
d@@eo@@p@@n@@eu@@n@@j@@il@@a	1
d@@eo@@p@@g@@eo@@n@@a	1
d@@eo@@p@@-eu@@s@@il@@i@@n@@i	1
d@@eo@@p@@-eu@@m@@y@@eo	1
d@@eo@@p@@-eu@@l@@a	1
d@@eo@@n@@j@@y@@eo@@s@@s@@n@@eu@@n@@il@@a	1
d@@eo@@n@@j@@y@@eo@@s@@s@@n@@a@@i@@d@@a	1
d@@eo@@n@@j@@y@@eo	1
d@@eo@@n@@j@@il@@eo	1
d@@eo@@n@@j@@i@@u@@m@@-@@i	1
d@@eo@@n@@j@@i@@u@@l@@il@@a	1
d@@eo@@n@@j@@i@@n@@eu@@n	1
d@@eo@@n@@j@@i@@m@@-@@i	1
d@@eo@@n@@j@@i@@l	1
d@@eo@@l@@eo@@b@@g@@e	1
d@@eo@@ha@@s@@il@@il@@a	1
d@@eo@@ha@@l@@il@@a	1
d@@eo@@ha@@l	1
d@@eo@@ha@@g@@e	1
d@@e@@n@@a@@l@@i@@o@@n	1
d@@e@@l@@y@@eo@@g@@a@@l	1
d@@e@@l@@y@@eo	1
d@@e@@l@@o	1
d@@e@@g@@a@@b@@o@@l@@l@@i@@e	1
d@@e@@g@@a@@b@@o@@l@@l@@i	1
d@@e@@g@@a	1
d@@a@@t@@u@@m@@-@@i	1
d@@a@@s@@i@@n@@eu@@n	1
d@@a@@s@@eo@@s@@g@@y@@eo@@l@@il@@eu@@l	1
d@@a@@s@@eo@@s@@-@@i	1
d@@a@@n@@i@@n@@eu@@n	1
d@@a@@n@@g@@s@@i@@n@@k@@k@@e	1
d@@a@@n@@g@@s@@i@@n@@-@@i@@o@@n@@i@@i@@k@@k@@a	1
d@@a@@n@@g@@ha@@y@@eo	1
d@@a@@n@@g@@ha@@n	1
d@@a@@n@@g@@ha@@m@@y@@eo	1
d@@a@@n@@g@@ha@@l@@il@@a	1
d@@a@@n@@g@@ha@@l	1
d@@a@@n@@g@@ha@@g@@o	1
d@@a@@n@@g@@h@@w@@a@@n@@g@@ha@@y@@eo	1
d@@a@@n@@g@@-@@il@@-@@e	1
d@@a@@n@@g@@-@@g@@i@@eo	1
d@@a@@n@@d@@a@@n@@h@@i	1
d@@a@@m@@-eu@@n	1
d@@a@@l@@l@@y@@eo@@w@@a@@s@@eo	1
d@@a@@l@@l@@y@@eo@@w@@a	1
d@@a@@l@@l@@y@@eo@@g@@a@@s@@eo	1
d@@a@@l@@l@@y@@eo@@g@@a	1
d@@a@@l@@l@@y@@eo	1
d@@a@@l@@l@@i@@u@@g@@o	1
d@@a@@l@@l@@i@@d@@a@@g@@u@@m	1
d@@a@@l@@l@@a@@b@@u@@t@@-@@eo	1
d@@a@@l@@eu@@n@@d@@e@@l@@o	1
d@@a@@l@@-@@e	1
d@@a@@l@@-@@a@@n@@a@@e@@l@@i@@n@@i	1
d@@a@@l@@-@@a	1
d@@a@@ha@@n	1
d@@a@@ha@@m@@-@@i	1
d@@a@@e@@s@@o@@g@@m@@u@@l@@l@@o	1
d@@a@@e@@s@@i@@n@@i	1
d@@a@@e@@s@@i@@n@@-@@e	1
d@@a@@e@@m@@y@@eo	1
d@@a@@e@@j@@eo@@b@@ha@@l@@a	1
d@@a@@e@@j@@eo@@b@@-eu@@l	1
d@@a@@e@@j@@eo@@b@@-@@u@@i	1
d@@a@@e@@j@@eo	1
d@@a@@e@@j@@e@@s@@a@@j@@a@@n@@g@@d@@eu@@l@@d@@o	1
d@@a@@e@@j@@e@@s@@a@@j@@a@@n@@g@@d@@eu@@l@@-@@e@@g@@e	1
d@@a@@e@@j@@e@@s@@a@@j@@a@@n@@g@@-eu@@l@@o	1
d@@a@@e@@j@@e@@s@@a@@j@@a@@n@@g@@-@@e@@g@@e@@l@@o	1
d@@a@@e@@d@@a@@b@@ha@@m@@y@@eo	1
d@@a@@e@@d@@a@@b@@ha@@m@@-eu@@l	1
d@@a@@e@@d@@a@@b@@ha@@l@@a	1
d@@a@@e@@d@@a@@b@@ha@@l	1
d@@a@@e@@d@@a@@b@@-@@i	1
d@@a@@e@@d@@a@@b	1
d@@a@@b@@d@@a@@b@@ha@@m@@-@@i	1
c@@ha@@n@@s@@o@@n@@g	1
c@@ha@@n@@m@@i@@ha@@g@@o	1
c@@ha@@n@@l@@a@@n@@ha@@n	1
c@@ha@@n@@g@@j@@o@@s@@il@@o@@b@@u@@t@@eo	1
c@@ha@@n@@g@@j@@o@@ha@@s@@i@@n	1
c@@ha@@n@@g@@j@@o@@b@@u@@t@@eo	1
c@@ha@@n@@g@@-@@g@@o@@d@@o	1
c@@ha@@n@@-@@y@@a@@n@@g@@ha@@y@@eo	1
c@@ha@@n@@-@@y@@a@@n@@g@@ha@@n@@il@@a	1
c@@ha@@n@@-@@y@@a@@n@@g@@ha@@m@@y@@eo	1
c@@ha@@m@@s@@a@@e@@b@@o@@d@@a	1
c@@ha@@m@@s@@a@@e	1
c@@ha@@m@@l@@a@@m@@ha@@n	1
c@@ha@@m@@d@@o@@e@@s@@i@@g@@o	1
c@@ha@@m@@-eu@@s@@i@@g@@e@@s@@s@@n@@eu@@n@@y@@a	1
c@@ha@@m@@-eu@@l@@a	1
c@@ha@@m@@-@@i@@n@@i@@i@@d@@a	1
c@@ha@@m	1
c@@ha@@l@@y@@eo	1
c@@ha@@l@@y@@e@@d@@a@@e@@l@@o	1
c@@ha@@j@@n@@eu@@n@@y@@a	1
c@@ha@@j@@n@@eu@@n@@g@@u@@n@@a	1
c@@ha@@j@@n@@a@@i@@d@@a	1
c@@ha@@j@@d@@o@@e	1
c@@ha@@j@@d@@eo@@l@@a	1
c@@ha@@j@@d@@a@@g@@a	1
c@@ha@@j@@-eu@@s@@y@@eo@@s@@s@@n@@a@@i@@k@@k@@a	1
c@@ha@@j@@-eu@@n@@j@@eu@@g	1
c@@ha@@j@@-eu@@l@@y@@eo	1
c@@ha@@j@@-eu@@l@@i@@n@@i	1
c@@ha@@j@@-eu@@l@@a	1
c@@ha@@j@@-@@a@@s@@s@@-eu@@l@@il@@a	1
c@@ha@@g@@i@@k@@k@@a@@j@@i	1
c@@ha@@g@@ha@@n	1
c@@ha@@g@@ha@@g@@o	1
c@@ha@@eu@@m@@a@@e	1
c@@ha@@eu@@l@@a	1
c@@ha@@e@@s@@o@@u@@i	1
c@@ha@@e@@j@@eo@@n@@-@@e	1
c@@ha@@e@@g@@m@@a@@n@@g@@ha@@s@@o@@s@@eo	1
c@@ha@@e@@g@@m@@a@@n@@g@@-eu@@l	1
c@@ha@@e@@g@@j@@a@@b@@j@@i	1
c@@ha@@e@@g@@j@@a@@b@@g@@e	1
c@@ha@@e@@g@@j@@a@@b@@-eu@@l@@y@@eo	1
c@@ha@@e@@g@@-@@e	1
c@@ha@@e@@g	1
c@@ha@@-@@e	1
c@@h@@y@@eo@@s@@eo	1
c@@h@@w@@i@@ha@@y@@eo	1
c@@h@@w@@i@@ha@@j@@i	1
c@@h@@w@@i@@ha@@g@@o	1
c@@h@@w@@i@@ha@@g@@e	1
c@@h@@w@@i@@c@@h@@i	1
c@@h@@u@@s@@u@@ha@@n@@eu@@n	1
c@@h@@u@@n@@g@@s@@eo@@n@@g@@ha@@y@@eo@@s@@s@@-eu@@n@@i	1
c@@h@@u@@n@@g@@s@@eo@@n@@g@@d@@o@@e@@n	1
c@@h@@u@@n@@g@@s@@eo@@n@@g@@d@@o@@e@@g@@o	1
c@@h@@u@@n@@g@@m@@a@@n@@ha@@m@@-eu@@l	1
c@@h@@u@@n@@g@@j@@o@@g@@ha@@m@@y@@eo	1
c@@h@@u@@g@@s@@a	1
c@@h@@u@@g@@b@@o@@g@@ha@@s@@i@@n@@il@@a	1
c@@h@@u@@g@@b@@o@@g@@ha@@s@@i@@d@@eo@@n@@i	1
c@@h@@o@@n@@g@@w@@a	1
c@@h@@o@@n@@g@@d@@o@@g@@-eu@@l@@o	1
c@@h@@o@@n@@g@@d@@o@@g@@-@@u@@i	1
c@@h@@o@@e@@h@@u@@l@@o	1
c@@h@@il@@i@@w@@a	1
c@@h@@il@@i@@n@@i	1
c@@h@@il@@i@@i@@k@@k@@a	1
c@@h@@i@@n@@s@@o@@g@@d@@eu@@l@@-@@i	1
c@@h@@i@@n@@s@@o@@g@@-@@e@@g@@e	1
c@@h@@i@@n@@j@@o@@g@@-@@i	1
c@@h@@i@@n@@j@@o@@g	1
c@@h@@i@@n@@g@@u@@l@@eu@@l	1
c@@h@@i@@n@@g@@u@@g@@a	1
c@@h@@i@@n@@g@@u	1
c@@h@@i@@n@@g@@s@@o@@n@@g@@-eu@@l	1
c@@h@@i@@n@@g@@ha@@y@@eo@@s@@s@@n@@a@@n@@i	1
c@@h@@i@@n@@g@@ha@@s@@y@@eo@@s@@s@@-eu@@n@@i	1
c@@h@@i@@n@@g@@c@@ha@@n@@ha@@y@@eo@@s@@s@@-eu@@n@@i	1
c@@h@@i@@n@@c@@h@@eo@@g@@-@@i@@n@@a	1
c@@h@@i@@n	1
c@@h@@i@@m@@s@@a@@n@@g@@c@@ha@@e	1
c@@h@@i@@m@@s@@a@@n@@g@@-eu@@l	1
c@@h@@i@@m@@b@@a@@e@@t@@-@@a	1
c@@h@@i@@m@@-@@i@@b	1
c@@h@@i@@m	1
c@@h@@i@@d@@eu@@s@@ha@@m@@-eu@@l	1
c@@h@@i@@d@@eo@@l@@a	1
c@@h@@eu@@g@@-eu@@n@@h@@i	1
c@@h@@eo@@s@@o@@l@@o	1
c@@h@@eo@@s@@j@@j@@a@@e@@n@@eu@@n	1
c@@h@@eo@@n@@y@@eo@@g@@a	1
c@@h@@eo@@n@@s@@a@@u@@i	1
c@@h@@eo@@n@@s@@a@@d@@eu@@l@@g@@w@@a	1
c@@h@@eo@@n@@s@@a@@d@@eu@@l@@d@@o	1
c@@h@@eo@@n@@s@@a@@d@@eu@@l@@-eu@@l	1
c@@h@@eo@@n@@s@@a	1
c@@h@@eo@@n@@h@@a	1
c@@h@@eo@@n@@g@@n@@y@@eo@@n@@-@@a	1
c@@h@@eo@@n@@g@@ha@@y@@eo@@s@@s@@d@@eo@@n@@i	1
c@@h@@eo@@n@@g@@ha@@y@@eo@@s@@s@@d@@eo@@n	1
c@@h@@eo@@n@@g@@ha@@s@@i@@g@@o	1
c@@h@@eo@@n@@g@@ha@@n@@j@@il@@a	1
c@@h@@eo@@n@@g@@ha@@n@@i	1
c@@h@@eo@@n@@g@@ha@@n	1
c@@h@@eo@@n@@g@@ha@@m@@eu@@l@@o	1
c@@h@@eo@@n@@g@@ha@@m@@-eu@@l	1
c@@h@@eo@@n@@g@@ha@@l@@a	1
c@@h@@eo@@n@@g@@ha@@j@@i	1
c@@h@@eo@@n@@g@@-@@g@@u@@ha@@y@@eo@@s@@s@@-eu@@n@@a	1
c@@h@@eo@@n@@b@@u@@k@@k@@e@@s@@eo	1
c@@h@@eo@@l@@eu@@l	1
c@@h@@eo@@c@@h@@i@@ha@@l	1
c@@h@@eo@@b@@g@@y@@eo@@n@@g@@-eu@@l	1
c@@h@@e@@ha@@m@@y@@eo	1
b@@y@@eo@@n@@m@@y@@eo@@n@@g@@ha@@l	1
b@@y@@eo@@n@@l@@o@@n@@ha@@n@@eu@@n@@y@@a	1
b@@y@@eo@@n@@l@@o@@n@@ha@@d@@eo@@n@@i	1
b@@y@@eo@@n@@l@@o@@n@@-@@i	1
b@@y@@eo@@n@@l@@i@@k@@k@@a@@j@@i	1
b@@y@@eo@@n@@h@@y@@eo@@n@@g@@d@@o@@e@@s@@a	1
b@@y@@eo@@n@@h@@w@@a@@d@@o@@e@@g@@o	1
b@@y@@eo@@n@@g@@j@@a@@l@@eu@@l	1
b@@y@@eo@@n@@g@@j@@a@@d@@eu@@l@@-eu@@l	1
b@@y@@eo@@n@@g@@d@@o	1
b@@y@@eo@@n@@g@@d@@eu@@n@@j@@a@@-@@e@@g@@e@@l@@a@@y@@a	1
b@@y@@eo@@n@@g@@d@@eu@@n	1
b@@y@@eo@@n@@g@@d@@eu@@l@@-@@eo	1
b@@y@@eo@@n@@g@@-eu@@l@@o	1
b@@y@@eo@@n@@g@@-@@i@@n@@-eu@@l	1
b@@y@@eo@@n@@g@@-@@g@@o@@c@@h@@i@@s@@i@@n@@eu@@n	1
b@@y@@eo@@n@@g@@-@@e@@s@@eo	1
b@@u@@y@@o@@ha@@n	1
b@@u@@t@@eo	1
b@@u@@t@@d@@eu@@s@@i@@g@@o	1
b@@u@@t@@d@@eu@@l@@l@@i@@n@@j@@il@@a	1
b@@u@@t@@d@@eu@@l@@l@@eo	1
b@@u@@t@@d@@eu@@l@@g@@o	1
b@@u@@t@@-@@il@@y@@eo	1
b@@u@@t@@-@@eo@@s@@s@@-eu@@m@@y@@eo@@n	1
b@@u@@s@@eu@@l@@eo@@g@@il@@eu@@l	1
b@@u@@p@@u@@l@@g@@e	1
b@@u@@n@@m@@y@@eo@@n@@g@@ha@@d@@eo@@l@@a	1
b@@u@@n@@g@@i@@s@@-eu@@l	1
b@@u@@n@@g@@i@@g@@a	1
b@@u@@n@@b@@y@@eo@@n@@ha@@l	1
b@@u@@n@@b@@y@@eo@@n@@c@@h@@i	1
b@@u@@n@@-@@i@@s@@i@@y@@o	1
b@@u@@n	1
b@@u@@m@@o@@n@@eu@@n	1
b@@u@@m@@o@@n@@a	1
b@@u@@m@@o	1
b@@u@@l@@m@@-eu@@l	1
b@@u@@l@@l@@o@@s@@eo	1
b@@u@@l@@l@@o	1
b@@u@@l@@l@@eo@@s@@eo	1
b@@u@@l@@k@@k@@o@@c@@h	1
b@@u@@l@@i@@n@@eu@@n	1
b@@u@@l@@g@@u@@j@@a@@l@@o	1
b@@u@@l@@g@@a@@ha@@n@@i@@i@@k@@k@@a	1
b@@u@@l@@g@@a@@b@@u@@l	1
b@@u@@l@@eu@@s@@i@@n@@i	1
b@@u@@l@@eu@@s@@i@@n@@d@@a	1
b@@u@@l@@eu@@n@@eu@@n	1
b@@u@@l@@eu@@n@@d@@a	1
b@@u@@l@@eu@@m@@y@@eo	1
b@@u@@l@@eu@@l@@a	1
b@@u@@l@@eu@@j@@i@@j@@n@@eu@@n	1
b@@u@@l@@eu@@j@@i@@j@@g@@e	1
b@@u@@l@@eu@@j@@i@@j@@-@@eo	1
b@@u@@l@@d@@o	1
b@@u@@l@@b@@i@@c@@h@@-eu@@l	1
b@@u@@l@@b@@eo@@b@@j@@a@@u@@i	1
b@@u@@l@@-@@u@@i@@u@@i	1
b@@u@@l@@-@@u@@i@@ha@@n@@il@@a	1
b@@u@@l@@-@@u@@i@@ha@@n	1
b@@u@@l@@-@@u@@i	1
b@@u@@l@@-@@i	1
b@@u@@j@@eo@@n@@g@@ha@@n	1
b@@u@@j@@a@@n@@eu@@n	1
b@@u@@j@@a@@i@@n	1
b@@u@@j@@a@@d@@eu@@l@@-@@i	1
b@@u@@ha@@n	1
b@@u@@h@@w@@a@@l@@ha@@m@@-eu@@l	1
b@@u@@h@@w@@a@@l@@-eu@@l	1
b@@u@@g@@eu@@n	1
b@@u@@eu@@n@@i	1
b@@u@@eo	1
b@@u@@d@@i@@j@@h@@y@@eo	1
b@@u@@d@@i@@j@@h@@i@@m@@a@@e	1
b@@u@@d@@i@@j@@h@@i@@d@@o@@e	1
b@@u@@d@@eu@@l@@eo@@u@@n	1
b@@u@@d@@a@@e@@l@@eu@@l	1
b@@u@@d@@a@@e@@d@@o	1
b@@u@@c@@h@@i@@n@@-eu@@l	1
b@@u@@c@@h@@i@@n@@-@@u@@i	1
b@@u@@-@@i@@n@@ha@@n@@eu@@n	1
b@@u@@-@@i@@n@@ha@@m@@-eu@@l	1
b@@u@@-@@i@@n@@ha@@d@@eo@@l@@a	1
b@@o@@y@@eo@@s@@s@@-eu@@d@@o@@e	1
b@@o@@s@@y@@eo@@s@@s@@d@@a	1
b@@o@@s@@il@@s@@a@@e	1
b@@o@@s@@i@@o@@b@@s@@o@@s@@eo	1
b@@o@@s@@i@@o	1
b@@o@@s@@i@@n@@j@@eu@@g	1
b@@o@@s@@i@@d@@eo@@n@@i	1
b@@o@@o@@b@@s@@o@@s@@eo	1
b@@o@@n@@l@@a@@e	1
b@@o@@n@@d@@i@@o	1
b@@o@@n@@c@@h@@eo@@e@@g@@e	1
b@@o@@n@@a@@e@@s@@i@@n	1
b@@o@@n@@a@@e@@n@@o@@n@@i	1
b@@o@@n@@a@@e@@n	1
b@@o@@n@@a@@e@@m@@y@@eo@@n	1
b@@o@@n@@a@@e@@m@@y@@eo	1
b@@o@@n@@a@@e@@m@@g@@w@@a	1
b@@o@@n@@a@@e@@m@@a@@e	1
b@@o@@n@@a@@e@@m@@-@@i	1
b@@o@@n@@a@@e@@l@@il@@a	1
b@@o@@n@@a@@e@@j@@i	1
b@@o@@n@@a@@e@@eo@@s@@s@@d@@eo@@n	1
b@@o@@n@@a@@e@@eo@@s@@s@@-eu@@l	1
b@@o@@m@@y@@eo	1
b@@o@@m@@u@@l@@-@@i@@n@@i	1
b@@o@@m@@a@@e	1
b@@o@@l@@k@@k@@a	1
b@@o@@l@@j@@i@@eo@@d@@a	1
b@@o@@j@@i@@d@@o	1
b@@o@@j@@a	1
b@@o@@il@@il@@a	1
b@@o@@i@@s@@i@@n@@i	1
b@@o@@i@@s@@i@@n@@a	1
b@@o@@i@@s@@i@@d@@eo@@l@@a	1
b@@o@@i@@n@@eu@@n@@y@@a	1
b@@o@@i@@m@@y@@eo	1
b@@o@@i@@l	1
b@@o@@i@@g@@o	1
b@@o@@g@@il@@eu@@l	1
b@@o@@g@@d@@o@@e@@d@@o@@d@@a	1
b@@o@@g@@-eu@@m@@-@@u@@i	1
b@@o@@eo@@l@@il@@a	1
b@@o@@e@@j@@i	1
b@@o@@d@@eo@@n@@i	1
b@@o@@d@@eo@@l@@a	1
b@@o@@d@@a	1
b@@o@@a@@y@@a	1
b@@o@@a@@s@@s@@n@@o@@l@@a	1
b@@o@@a@@s@@s@@d@@a	1
b@@o@@a	1
b@@il@@o@@s@@o	1
b@@il@@o@@g	1
b@@il@@l@@il@@a	1
b@@il@@l@@i@@n@@eu@@n@@il@@a	1
b@@il@@l@@i@@m@@y@@eo@@n	1
b@@il@@l@@i@@b@@b@@o	1
b@@il@@l@@i@@b@@-@@i	1
b@@il@@l@@a@@d@@o@@n@@eu@@n	1
b@@i@@y@@u@@u@@i	1
b@@i@@y@@u@@n@@eu@@n	1
b@@i@@y@@u@@ha@@y@@eo	1
b@@i@@u@@s@@g@@eo@@n@@eu@@l	1
b@@i@@u@@s@@-@@eo	1
b@@i@@p@@a@@n@@c@@h@@i	1
b@@i@@p@@a@@n@@-eu@@l	1
b@@i@@o@@d@@eu@@s	1
b@@i@@n@@g@@-@@g@@eo@@l@@eu@@l	1
b@@i@@n@@d@@eu@@l@@-@@e@@s@@eo	1
b@@i@@m@@il@@-eu@@l	1
b@@i@@j@@a	1
b@@i@@ha@@m@@y@@eo	1
b@@i@@d@@u@@l@@g@@i@@g@@a@@t@@-@@i	1
b@@i@@d@@u@@l@@g@@i	1
b@@i@@c@@h@@u@@l	1
b@@i@@c@@h@@-@@u@@i	1
b@@i@@c@@h@@-@@i	1
b@@i@@b@@i@@eo	1
b@@i@@b@@a@@n@@g@@ha@@y@@eo	1
b@@i@@b@@a@@n@@g@@ha@@l	1
b@@eu@@l@@a@@i@@d@@o@@l@@i@@o@@n@@-@@il@@a@@n@@eu@@n	1
b@@eo@@s@@d@@o@@e@@m@@-eu@@l	1
b@@eo@@s@@-eu@@n	1
b@@eo@@s@@-@@i@@n@@a	1
b@@eo@@s@@-@@i	1
b@@eo@@s	1
b@@eo@@n@@s@@s@@i@@g	1
b@@eo@@n@@j@@j@@a@@e	1
b@@eo@@n@@j@@e@@m@@u@@l@@g@@w@@a	1
b@@eo@@n@@g@@a@@e@@g@@a@@t@@-@@i	1
b@@eo@@n@@g@@-@@eo@@l@@i@@g@@a	1
b@@eo@@n@@g@@-@@eo@@l@@i@@d@@o	1
b@@eo@@n@@-@@il@@a@@d@@o	1
b@@eo@@m@@j@@o@@e@@k@@e	1
b@@eo@@m@@ha@@g@@eo@@d@@eu@@n	1
b@@eo@@l@@y@@eo@@s@@s@@g@@o	1
b@@eo@@l@@y@@eo@@d@@u@@g@@o	1
b@@eo@@l@@il@@il@@a	1
b@@eo@@l@@il@@a	1
b@@eo@@l@@i@@u@@n	1
b@@eo@@l@@i@@s@@y@@eo@@s@@s@@n@@a@@i@@k@@k@@a	1
b@@eo@@l@@i@@n@@eu@@n@@d@@o@@d@@a	1
b@@eo@@l@@i@@n@@eu@@n	1
b@@eo@@l@@i@@n@@b@@a	1
b@@eo@@l@@i@@l	1
b@@eo@@l@@i@@j@@i	1
b@@eo@@l@@i@@g@@il@@eu@@l	1
b@@eo@@l@@i@@g@@e	1
b@@eo@@l	1
b@@eo@@b@@g@@w@@a@@n@@-@@e@@g@@e	1
b@@e@@s@@i@@g@@o	1
b@@e@@s@@-@@s@@a@@e@@d@@a@@y@@a	1
b@@e@@s@@-@@s@@a@@e@@d@@a@@l@@a@@n@@eu@@n	1
b@@e@@p@@u@@n	1
b@@e@@p@@u@@l@@g@@o	1
b@@e@@p@@u@@l@@g@@eo@@d@@eu@@n	1
b@@e@@n	1
b@@e@@g@@a@@e@@l@@eu@@l	1
b@@e@@eo@@s@@s@@g@@eo@@n@@eu@@l	1
b@@e@@d@@eu@@l@@o@@y@@a	1
b@@e@@d@@eu@@l@@o@@u@@i	1
b@@e@@d@@eu@@l@@o@@n@@eu@@n	1
b@@e@@d@@eu@@l@@o@@d@@o	1
b@@e@@d@@a@@n@@i@@e@@s@@eo	1
b@@e@@-@@o@@s@@-eu@@l	1
b@@e	1
b@@a@@w@@i@@e	1
b@@a@@w@@a	1
b@@a@@t@@-eu@@l	1
b@@a@@t@@-@@e@@s@@eo	1
b@@a@@n@@s@@eo@@g	1
b@@a@@n@@p@@o@@ha@@s@@i@@m@@y@@eo	1
b@@a@@n@@i	1
b@@a@@n@@g@@j@@u@@e	1
b@@a@@n@@g@@c@@ha@@e@@g@@-eu@@l@@o	1
b@@a@@n@@g@@-@@g@@eu@@m	1
b@@a@@n@@g@@-@@eo@@n@@-eu@@l	1
b@@a@@n@@d@@a@@e@@ha@@n@@eu@@n	1
b@@a@@n@@d@@a@@e@@ha@@j@@i	1
b@@a@@n@@-@@y@@eo@@l@@-@@u@@i	1
b@@a@@n@@-@@y@@eo@@l@@-@@e	1
b@@a@@m@@n@@a@@j	1
b@@a@@m@@j@@u@@n@@g@@-@@e@@l@@n@@eu@@n@@j@@i	1
b@@a@@m@@-@@i@@m@@y@@eo@@n	1
b@@a@@m@@-@@e	1
b@@a@@l@@o	1
b@@a@@l@@l@@a	1
b@@a@@l@@i@@s@@a@@e@@i@@n@@d@@eu@@l@@-eu@@n	1
b@@a@@l@@g@@-eu@@l@@il@@a	1
b@@a@@l@@g@@-eu@@l	1
b@@a@@l@@g@@-@@a@@j@@y@@eo	1
b@@a@@l@@g@@-@@a	1
b@@a@@l@@eu@@g@@i	1
b@@a@@l@@eo@@l@@a	1
b@@a@@l@@b@@n@@eu@@n	1
b@@a@@l@@b@@h@@il@@il@@a	1
b@@a@@l@@b@@h@@i@@l	1
b@@a@@l@@b@@-eu@@m@@y@@eo	1
b@@a@@l@@a@@s@@s@@d@@eo@@n	1
b@@a@@l@@a@@n@@eu@@n	1
b@@a@@l@@a@@m@@-eu@@l	1
b@@a@@l@@a@@m@@-@@i	1
b@@a@@l@@a@@m@@-@@e	1
b@@a@@l@@a@@j@@i	1
b@@a@@l@@a@@b@@o@@n@@eu@@n	1
b@@a@@l@@a@@b@@a@@n@@eu@@n	1
b@@a@@l@@-@@e@@s@@eo	1
b@@a@@l@@-@@e	1
b@@a@@k@@k@@u@@n@@eu@@n	1
b@@a@@k@@k@@a@@t	1
b@@a@@k@@k@@-eu@@l	1
b@@a@@g@@u@@n@@il@@eu@@l	1
b@@a@@g@@ha@@w@@a	1
b@@a@@g@@h@@i@@s@@i@@n	1
b@@a@@g@@h@@i@@g@@e	1
b@@a@@g@@-eu@@n@@i	1
b@@a@@g@@-eu@@l@@y@@eo@@g@@o	1
b@@a@@g@@-@@a@@s@@s@@n@@eu@@n@@il@@a	1
b@@a@@eu@@l@@a	1
b@@a@@eu@@i	1
b@@a@@e@@t@@-eu@@s@@i@@m@@y@@eo	1
b@@a@@e@@s@@eo@@l@@ha@@g@@o	1
b@@a@@e@@s@@eo@@l@@ha@@g@@eo@@d@@eu@@n	1
b@@a@@e@@n@@eu@@n	1
b@@a@@e@@n@@a	1
b@@a@@e@@m@@g@@w@@a	1
b@@a@@e@@m@@-eu@@l	1
b@@a@@e@@l@@a	1
b@@a@@e@@g@@s@@eo@@n@@g@@d@@o	1
b@@a@@e@@g@@s@@eo@@n@@g@@-eu@@n	1
b@@a@@e@@g@@s@@eo@@n@@g@@-@@g@@w@@a	1
b@@a@@e@@g@@ha@@b@@h@@w@@a@@l@@eu@@l	1
b@@a@@e@@g@@b@@u@@j@@a@@n@@g@@-eu@@l	1
b@@a@@e@@g@@b@@u@@j@@a@@n@@g@@-@@u@@i	1
b@@a@@e@@g@@b@@u@@j@@a@@n@@g@@-@@i	1
b@@a@@e@@g@@b@@a@@eu@@i	1
b@@a@@e@@g@@b@@a@@e@@g@@a	1
b@@a@@e@@g@@a	1
b@@a@@e@@g	1
b@@a@@e@@eo@@s@@s@@n@@eu@@n@@il@@a	1
b@@a@@e@@d@@eu@@l@@-eu@@l	1
b@@a@@e@@b@@u@@l@@l@@eo@@s@@s@@d@@eo@@l@@a	1
b@@a@@e@@b@@u@@l@@eu@@n	1
b@@a@@e@@b@@u@@l@@eu@@m@@-eu@@l	1
b@@a@@e@@b@@u@@l@@eu@@g@@e	1
b@@a@@e@@b@@a@@n@@ha@@n@@eu@@n	1
b@@a@@d@@i@@m@@a@@eo@@g@@a	1
b@@a@@d@@g@@il@@eu@@l	1
b@@a@@d@@g@@e@@s@@s@@-eu@@m@@-@@i@@n@@il@@a	1
b@@a@@d@@g@@e	1
b@@a@@d@@d@@eu@@l@@-@@eo	1
b@@a@@d@@a@@w@@a	1
b@@a@@d@@a@@s@@g@@a@@-@@e@@s@@eo	1
b@@a@@d@@a@@l@@eu@@l	1
b@@a@@d@@a@@d@@eo@@l@@eo	1
b@@a@@d@@a@@-@@e@@s@@eo	1
b@@a@@d@@-eu@@s@@i@@o@@m@@y@@eo	1
b@@a@@d@@-eu@@s@@i@@d@@eo@@l@@a	1
b@@a@@d@@-eu@@s@@a	1
b@@a@@d@@-eu@@n@@j@@il@@a	1
b@@a@@d@@-eu@@m@@-eu@@l@@o@@s@@s@@eo	1
b@@a@@d@@-eu@@l@@y@@eo@@g@@o	1
b@@a@@d@@-eu@@l@@y@@eo	1
b@@a@@d@@-eu@@l@@s@@a@@e	1
b@@a@@d@@-eu@@l@@il@@a@@g@@o	1
b@@a@@d@@-eu@@l@@i@@n@@i	1
b@@a@@d@@-eu@@l@@g@@eo@@s@@-@@i@@y@@o	1
b@@a@@d@@-eu@@l@@eo	1
b@@a@@d@@-@@a@@s@@s@@g@@o	1
b@@a@@d@@-@@a@@s@@s@@d@@o@@d@@a	1
b@@a@@d@@-@@a@@s@@s@@d@@a	1
b@@a@@c@@h@@il@@i@@i@@k@@k@@a	1
b@@a@@c@@h@@i@@n@@eu@@n@@g@@eo@@s@@-@@i	1
b@@a@@c@@h@@i@@g@@e	1
a@@s@@i@@n@@a@@n@@i	1
a@@s@@-@@s@@a@@l@@i@@o@@n	1
a@@p@@t@@t@@eu@@l@@l@@o	1
a@@p@@s@@eo@@s@@eo	1
a@@p@@s@@eo	1
a@@p@@k@@k@@a@@j@@i	1
a@@p@@-@@e@@n@@eu@@n	1
a@@p	1
a@@n@@s@@i@@m@@ha@@g@@o	1
a@@n@@s@@i@@g@@-@@il@@-eu@@n	1
a@@n@@s@@i@@g@@-@@il@@-eu@@l	1
a@@n@@s@@i@@g@@-@@il@@-@@u@@i	1
a@@n@@s@@i@@g@@-@@il@@-@@e@@n@@eu@@n	1
a@@n@@s@@i@@g@@-@@il@@-@@e@@d@@o	1
a@@n@@n@@a@@s@@eu@@w@@a	1
a@@n@@j@@h@@il@@a	1
a@@n@@j@@h@@i@@n	1
a@@n@@j@@h@@i@@g@@o	1
a@@n@@j@@eo@@n@@ha@@d@@o@@e	1
a@@n@@j@@-eu@@s@@y@@eo@@s@@s@@d@@eo@@n@@i	1
a@@n@@j@@-eu@@s@@y@@eo@@s@@s@@-eu@@m@@-eu@@l	1
a@@n@@j@@-eu@@s@@i@@n@@il@@a	1
a@@n@@j@@-eu@@s@@i@@g@@o	1
a@@n@@j@@-eu@@n@@b@@a@@e@@n@@g@@-@@i@@g@@a	1
a@@n@@j@@-@@a@@s@@s@@n@@eu@@n@@d@@e	1
a@@n@@j@@-@@a@@s@@s@@d@@eo@@n@@i	1
a@@n@@j@@-@@a@@s@@s@@d@@a@@g@@a	1
a@@n@@j@@-@@a@@s@@s@@-eu@@n@@i	1
a@@n@@il@@o@@l@@a	1
a@@n@@i@@n@@il@@a	1
a@@n@@i@@n@@i	1
a@@n@@i@@ha@@y@@eo@@y@@a	1
a@@n@@i@@ha@@y@@eo@@s@@s@@d@@eo@@m@@y@@eo@@n	1
a@@n@@i@@ha@@y@@eo@@s@@s@@-eu@@m@@y@@eo	1
a@@n@@i@@ha@@y@@eo	1
a@@n@@i@@ha@@s@@y@@eo@@s@@s@@n@@eu@@n@@y@@a	1
a@@n@@i@@ha@@s@@y@@eo@@s@@s@@d@@eo@@m@@y@@eo@@n	1
a@@n@@i@@ha@@s@@i@@n@@eu@@n@@j@@il@@a	1
a@@n@@i@@ha@@s@@i@@n@@a@@i@@k@@k@@a	1
a@@n@@i@@ha@@s@@i@@m@@-eu@@l	1
a@@n@@i@@ha@@s@@i@@g@@eo@@n@@eu@@l	1
a@@n@@i@@ha@@s@@i@@g@@e@@s@@s@@n@@eu@@n@@y@@a	1
a@@n@@i@@ha@@n@@y@@a	1
a@@n@@i@@ha@@n@@o@@i@@d@@a	1
a@@n@@i@@ha@@n@@j@@il@@a	1
a@@n@@i@@ha@@n@@g@@a	1
a@@n@@i@@ha@@n@@eu@@n@@d@@o@@d@@a	1
a@@n@@i@@ha@@n@@a@@i@@k@@k@@a	1
a@@n@@i@@ha@@n	1
a@@n@@i@@ha@@m@@-eu@@l	1
a@@n@@i@@ha@@l@@j@@il@@a@@d@@o	1
a@@n@@i@@ha@@l	1
a@@n@@i@@ha@@g@@o@@n@@eu@@n	1
a@@n@@i@@ha@@g@@e@@s@@s@@n@@eu@@n@@y@@a	1
a@@n@@i@@ha@@d@@eo@@n@@y@@a	1
a@@n@@i@@ha@@d@@eo@@n	1
a@@n@@i@@ha@@d@@eo@@l@@a	1
a@@n@@i	1
a@@n@@h@@n@@eu@@n@@d@@o@@d@@a	1
a@@n@@h@@g@@o@@n@@eu@@n	1
a@@n@@h@@g@@il@@o	1
a@@n@@h@@g@@e@@s@@s@@n@@eu@@n@@y@@a	1
a@@n@@h@@d@@o@@d@@a	1
a@@n@@h@@d@@eo@@l@@a	1
a@@n@@h@@-eu@@m@@y@@eo@@n	1
a@@n@@h@@-eu@@m@@-eu@@l	1
a@@n@@h@@-eu@@m@@-@@i	1
a@@n@@h@@-eu@@l@@j@@i@@n@@i	1
a@@n@@g@@y@@eo	1
a@@n@@eu@@n@@y@@a	1
a@@n@@eu@@n@@g@@o@@l@@o	1
a@@n@@d@@eu@@l@@e@@-@@u@@i	1
a@@n@@a@@e@@n@@eu@@n	1
a@@n@@a@@e@@n@@a	1
a@@n@@a@@e@@d@@o	1
a@@n@@a@@e	1
a@@n@@-eu@@s@@i@@m@@y@@eo	1
a@@n@@-@@e@@s@@eo	1
a@@m@@u@@n@@a	1
a@@m@@u@@l@@a@@d@@o	1
a@@m@@u@@g@@eo@@s@@d@@o	1
a@@m@@u@@e@@g@@e@@n@@a	1
a@@m@@u@@e@@g@@e@@l@@a@@d@@o	1
a@@m@@u@@e@@g@@e	1
a@@l@@p@@a@@eo@@u@@i	1
a@@l@@o@@n@@-@@u@@i	1
a@@l@@m@@y@@eo@@n@@s@@eo	1
a@@l@@m@@a@@n@@ha@@n	1
a@@l@@m@@-@@il@@o@@d@@a	1
a@@l@@m@@-@@i@@n@@il@@a	1
a@@l@@l@@y@@eo@@j@@i@@s@@i@@n	1
a@@l@@l@@y@@eo@@j@@i@@j@@i	1
a@@l@@l@@y@@eo@@j@@i@@g@@o	1
a@@l@@l@@i@@y@@o	1
a@@l@@l@@i@@g@@o@@j@@a	1
a@@l@@l@@e@@g@@s@@a@@n@@d@@eo@@w@@a	1
a@@l@@j@@i@@d@@o	1
a@@l@@g@@w@@a	1
a@@l@@g@@o@@j@@a	1
a@@l@@g@@o@@g@@-eu@@n	1
a@@l@@g@@o@@d@@o	1
a@@l@@g@@eo@@n@@i@@w@@a	1
a@@l@@g@@eo@@d@@eu@@n	1
a@@l@@g@@e@@s@@s@@n@@eu@@n@@y@@o	1
a@@l@@a@@e@@k@@k@@a@@j@@i	1
a@@l@@a@@e@@e@@d@@o	1
a@@l@@-eu@@l	1
a@@l@@-@@a@@s@@s@@n@@eu@@n@@y@@a	1
a@@l@@-@@a@@s@@s@@n@@a@@i@@d@@a	1
a@@l@@-@@a@@b@@o@@j@@i	1
a@@l	1
a@@j@@u	1
a@@i@@y@@a	1
a@@i@@e@@g@@e@@s@@eo	1
a@@i@@d@@eu@@l@@-@@i	1
a@@i@@d@@eu@@l@@-@@e@@g@@e@@n@@eu@@n	1
a@@h@@o@@b@@-eu@@l	1
a@@h@@eu@@n	1
a@@h@@a	1
a@@g@@u@@n@@g@@-@@i@@e	1
a@@g@@il@@eu@@l	1
a@@g@@i@@g@@a	1
a@@g@@i@@e	1
a@@g@@ha@@l@@j@@il@@a@@d@@o	1
a@@g@@ha@@d@@a	1
a@@g@@g@@w@@il@@eu@@l	1
a@@g@@g@@w@@i	1
a@@g@@d@@o@@g@@-@@i	1
a@@g@@-@@e@@s@@eo	1
a@@e@@t@@o@@n@@g@@ha@@m@@y@@eo	1
a@@e@@s@@s@@eo	1
a@@d@@eu@@l@@g@@w@@a	1
a@@d@@eu@@l@@d@@o	1
a@@d@@eu@@l@@d@@eu@@l@@b@@o@@d@@a	1
a@@d@@eu@@l@@d@@eu@@l@@-eu@@n	1
a@@d@@eu@@l@@d@@eu@@l@@-@@i	1
a@@d@@eu@@l@@-eu@@n	1
a@@d@@eu@@l@@-@@u@@i	1
a@@d@@eu@@l@@-@@i@@n@@y@@a	1
a@@d@@eu@@l@@-@@i@@n@@i	1
a@@d@@eu@@l@@-@@i@@n	1
a@@d@@eu@@l@@-@@i@@eo@@s@@s@@d@@o@@d@@a	1
a@@b@@il@@l@@e@@n@@e@@-@@u@@i	1
a@@b@@i@@y@@a	1
a@@b@@i@@n@@a	1
a@@b@@i@@i@@n	1
a@@b@@i	1
a@@b@@eu@@l@@a@@ha@@m@@-@@i@@y@@eo	1
a@@b@@eu@@l@@a@@ha@@m@@-@@i	1
a@@b@@eo@@j@@i@@m@@a@@n	1
a@@b@@eo@@j@@i@@e@@g@@e@@n@@eu@@n	1
a@@b@@eo@@j@@i@@d@@o	1
]	1
[	1
